trial_id,strategy,parameters,score,total_return_pct,buy_hold_return_pct,buy_hold_max_drawdown_pct,max_drawdown_pct,cagr_pct,sharpe_ratio,sortino_ratio,total_trades,final_balance
63,Strategy_62_RSIAvgs,"{""ma_periods"": [5, 10, 20], ""overbought"": 70, ""oversold"": 17, ""rsi_period"": 14, ""signal_threshold"": 0.5159134999456729}",85.5,55.4475402410682,13.533822154649734,-64.29134091952105,-9.720119157222129,580.8138885704907,4.2758644674586925,1.1763255102801342,5,1554.475402410682
373,Strategy_62_RSIAvgs,"{""ma_periods"": [5, 10, 20], ""overbought"": 73, ""oversold"": 24, ""rsi_period"": 14, ""signal_threshold"": 0.09972397114781673}",74.63,160.31814917848308,13.533822154649734,-64.29134091952105,-30.740203123231403,6307.087231119347,4.505295139935431,2.7309495584396295,12,2603.181491784831
225,DonchianChampionAggressiveStrategy,"{""ema_exit_days"": 1.7966350675117064, ""entry_days"": 11.103889377231244, ""exit_days"": 2.8746129418052138, ""timeframe_minutes"": 5, ""trailing_drawdown_pct"": 0.648473860806764}",74.39,48.08182750449457,13.533822154649734,-64.29134091952105,-22.224079957964516,451.26584412536977,2.7295418057746903,1.473400141941059,3,1480.8182750449457
390,DonchianChampionAggressiveStrategy,"{""ema_exit_days"": 4.445839794921982, ""entry_days"": 11.334351989820131, ""exit_days"": 1.9535954094261467, ""timeframe_minutes"": 5, ""trailing_drawdown_pct"": 0.6066881179323435}",74.39,50.028442423223886,13.533822154649734,-64.29134091952105,-22.22355813897736,483.47582822425227,2.8376752431157395,1.4908470468347672,3,1500.2844242322387
175,DonchianChampionAggressiveStrategy,"{""ema_exit_days"": 3.2670343782908517, ""entry_days"": 11.0, ""exit_days"": 2.8669231853092083, ""timeframe_minutes"": 5, ""trailing_drawdown_pct"": 0.530715058730525}",74.39,48.08182750449457,13.533822154649734,-64.29134091952105,-22.224079957964516,451.26584412536977,2.7295418057746903,1.473400141941059,3,1480.8182750449457
100,DonchianChampionAggressiveStrategy,"{""ema_exit_days"": 4.495303622907842, ""entry_days"": 12.491521379617964, ""exit_days"": 2.203554820501521, ""timeframe_minutes"": 5, ""trailing_drawdown_pct"": 0.2}",74.39,48.855102709272956,13.533822154649734,-64.29134091952105,-22.223871036990772,463.89254088960354,2.7801682856726098,1.4700901555531412,3,1488.5510270927296
255,DonchianChampionAggressiveStrategy,"{""ema_exit_days"": 4.02314629943219, ""entry_days"": 12.485405900794493, ""exit_days"": 2.827886013328111, ""timeframe_minutes"": 5, ""trailing_drawdown_pct"": 0.2525142529941965}",74.39,48.08182750449457,13.533822154649734,-64.29134091952105,-22.224079957964516,451.26584412536977,2.7295418057746903,1.473400141941059,3,1480.8182750449457
10,DonchianChampionAggressiveStrategy,"{""ema_exit_days"": 2.205322744997642, ""entry_days"": 12.038133442259046, ""exit_days"": 2.818904337450774, ""timeframe_minutes"": 5, ""trailing_drawdown_pct"": 0.28113429260758815}",74.39,48.08182750449457,13.533822154649734,-64.29134091952105,-22.224079957964516,451.26584412536977,2.7295418057746903,1.473400141941059,3,1480.8182750449457
337,CSMARevertStrategy,"{""entry_drop"": 0.25, ""exit_up"": 0.048, ""n_sma"": 465, ""rsi_max"": 32.0, ""rsi_period"": 16, ""timeframe_minutes"": 5}",73.84,35.79551068702875,13.533822154649734,-64.29134091952105,-23.32466693763331,278.26913030937317,3.000688607017515,0.7150549002694645,2,1357.9551068702876
12,CSMARevertStrategy,"{""entry_drop"": 0.2753669079978225, ""exit_up"": 0.048, ""n_sma"": 576, ""rsi_max"": 20.974101913760403, ""rsi_period"": 33, ""timeframe_minutes"": 5}",73.84,23.65685649494118,13.533822154649734,-64.29134091952105,-23.32466693763331,151.75333925837208,2.694984488283041,0.4364317071380361,1,1236.568564949412
122,CSMARevertStrategy,"{""entry_drop"": 0.25013512937911897, ""exit_up"": 0.09062070901213115, ""n_sma"": 361, ""rsi_max"": 34.94940610930707, ""rsi_period"": 30, ""timeframe_minutes"": 5}",73.84,23.65685649494118,13.533822154649734,-64.29134091952105,-23.32466693763331,151.75333925837208,2.694984488283041,0.4364317071380361,1,1236.568564949412
2,CSMARevertStrategy,"{""entry_drop"": 0.28945260991538846, ""exit_up"": 0.048, ""n_sma"": 439, ""rsi_max"": 22.256243046024238, ""rsi_period"": 10, ""timeframe_minutes"": 5}",73.44,19.856592488843262,13.533822154649734,-64.29134091952105,-23.3246669376333,119.80168177722858,2.3585123094657514,0.37572656302504404,1,1198.5659248884326
190,DonchianChampionAggressiveStrategy,"{""ema_exit_days"": 4.486517923772709, ""entry_days"": 15.187077868371892, ""exit_days"": 1.7624403174509011, ""timeframe_minutes"": 5, ""trailing_drawdown_pct"": 0.2}",73.26,45.1904423210326,13.533822154649734,-64.29134091952105,-24.48255955652705,405.9702486907802,2.6655264520786273,1.3643809969281608,3,1451.904423210326
385,DonchianChampionAggressiveStrategy,"{""ema_exit_days"": 2.1553266272629354, ""entry_days"": 15.208170023430995, ""exit_days"": 2.9698454609679805, ""timeframe_minutes"": 5, ""trailing_drawdown_pct"": 0.2}",73.26,43.95398276360962,13.533822154649734,-64.29134091952105,-24.48289566166274,387.49996983334205,2.5784956993383448,1.3716376628878129,3,1439.5398276360963
163,Strategy_62_RSIAvgs,"{""ma_periods"": [5, 10, 20], ""overbought"": 47, ""oversold"": 25, ""rsi_period"": 40, ""signal_threshold"": 0.1526056735857294}",73.03,9.815276278485573,13.533822154649734,-64.29134091952105,-9.720119157222129,50.24717078251757,1.6832719427133718,0.23969244838057732,3,1098.1527627848557
170,DonchianChampionAggressiveStrategy,"{""ema_exit_days"": 2.1692047532365004, ""entry_days"": 7.987072032008102, ""exit_days"": 1.0326644791621478, ""timeframe_minutes"": 5, ""trailing_drawdown_pct"": 0.2}",71.37,23.594012669766528,13.533822154649734,-64.29134091952105,-20.25391764915313,151.1974976444934,1.7506779491479092,0.7800566543133105,6,1235.9401266976654
345,DonchianChampionAggressiveStrategy,"{""ema_exit_days"": 3.0, ""entry_days"": 11.0, ""exit_days"": 1.593837503090021, ""timeframe_minutes"": 5, ""trailing_drawdown_pct"": 0.16740134101809812}",70.79,23.072861680476066,13.533822154649734,-64.29134091952105,-21.42838408294744,146.62434165459536,1.6960075423009802,0.7554780753119985,4,1230.7286168047606
395,DonchianChampionAggressiveStrategy,"{""ema_exit_days"": 2.4089475655058017, ""entry_days"": 9.382167196680664, ""exit_days"": 1.4796333757467062, ""timeframe_minutes"": 5, ""trailing_drawdown_pct"": 0.7210215977071052}",70.68,25.80872189506531,13.533822154649734,-64.29134091952105,-21.63029491569095,171.3649125222557,1.8255131344310085,0.8300208578639424,4,1258.087218950653
370,DonchianChampionAggressiveStrategy,"{""ema_exit_days"": 2.76257097290725, ""entry_days"": 10.388285708441028, ""exit_days"": 1.5582429120184795, ""timeframe_minutes"": 5, ""trailing_drawdown_pct"": 0.9669085784471967}",70.68,23.09093523500656,13.533822154649734,-64.29134091952105,-21.630970194532296,146.78185773083027,1.6859590480215587,0.7649237075515932,4,1230.9093523500655
197,CSMARevertStrategy,"{""entry_drop"": 0.280428699216815, ""exit_up"": 0.048, ""n_sma"": 380, ""rsi_max"": 16.805760445566126, ""rsi_period"": 30, ""timeframe_minutes"": 5}",70.61,16.665785875910277,13.533822154649734,-64.29134091952105,-23.32466693763331,95.46905146071627,2.1029193429701363,0.31669922605458733,1,1166.6578587591027
305,DonchianChampionAggressiveStrategy,"{""ema_exit_days"": 3.153572040574623, ""entry_days"": 10.789434912410268, ""exit_days"": 1.8147708523788508, ""timeframe_minutes"": 5, ""trailing_drawdown_pct"": 0.6018681636844881}",70.38,20.681127075239214,13.533822154649734,-64.29134091952105,-22.23321019049438,126.45255218259797,1.5571648978639077,0.7159933801836885,4,1206.8112707523921
265,DonchianChampionAggressiveStrategy,"{""ema_exit_days"": 3.0, ""entry_days"": 8.820438101015064, ""exit_days"": 1.721063170159845, ""timeframe_minutes"": 5, ""trailing_drawdown_pct"": 0.8620242032987605}",70.38,27.370947489884422,13.533822154649734,-64.29134091952105,-22.230618820025704,186.32414350064462,1.9037502955617256,0.8774145372480175,4,1273.7094748988443
285,DonchianChampionAggressiveStrategy,"{""ema_exit_days"": 3.0, ""entry_days"": 11.0, ""exit_days"": 1.7330791693739116, ""timeframe_minutes"": 5, ""trailing_drawdown_pct"": 0.186076644057112}",70.38,21.36245369905709,13.533822154649734,-64.29134091952105,-22.2329332136187,132.06429101425846,1.5945576196211926,0.7317700934071453,4,1213.624536990571
350,DonchianChampionAggressiveStrategy,"{""ema_exit_days"": 2.0151171854901033, ""entry_days"": 14.716767474373464, ""exit_days"": 1.2067854833085159, ""timeframe_minutes"": 5, ""trailing_drawdown_pct"": 0.6868750538946696}",70.22,23.882479653038892,13.533822154649734,-64.29134091952105,-22.56857570817674,153.75674089284956,1.8449347658846074,0.7188999313805797,4,1238.824796530389
125,DonchianChampionAggressiveStrategy,"{""ema_exit_days"": 2.033563253344559, ""entry_days"": 14.624591163249095, ""exit_days"": 1.2951001324982898, ""timeframe_minutes"": 5, ""trailing_drawdown_pct"": 0.6837555247649238}",70.22,21.918579997726706,13.533822154649734,-64.29134091952105,-22.569333108384825,136.72368033634382,1.7308066470779253,0.6804427185684445,4,1219.1857999772672
25,DonchianChampionAggressiveStrategy,"{""ema_exit_days"": 1.9306033896677288, ""entry_days"": 8.857239655693323, ""exit_days"": 2.0039371698782857, ""timeframe_minutes"": 5, ""trailing_drawdown_pct"": 0.3509140810157946}",70.07,24.906628374596472,13.533822154649734,-64.29134091952105,-22.8593202487124,163.00541219365107,1.7519786537700337,0.8509404050870968,4,1249.0662837459647
315,DonchianChampionAggressiveStrategy,"{""ema_exit_days"": 3.262553768210451, ""entry_days"": 10.016025752710451, ""exit_days"": 1.5679665606899233, ""timeframe_minutes"": 5, ""trailing_drawdown_pct"": 0.2}",70.07,20.439289577839382,13.533822154649734,-64.29134091952105,-22.860684096986773,124.48600070614062,1.5281692957112463,0.7241738626011098,4,1204.3928957783937
290,DonchianChampionAggressiveStrategy,"{""ema_exit_days"": 2.0392198147762883, ""entry_days"": 9.543049394239606, ""exit_days"": 2.262294937188492, ""timeframe_minutes"": 5, ""trailing_drawdown_pct"": 0.2}",70.07,20.690294081137495,13.533822154649734,-64.29134091952105,-22.86036465850092,126.52735561114415,1.5321110278107066,0.7482078887923489,4,1206.902940811375
270,DonchianChampionAggressiveStrategy,"{""ema_exit_days"": 3.2368608205765694, ""entry_days"": 9.081905497956239, ""exit_days"": 1.1768458895719045, ""timeframe_minutes"": 5, ""trailing_drawdown_pct"": 0.2}",70.07,24.21270567718348,13.533822154649734,-64.29134091952105,-22.85991543137069,156.7110615190654,1.7290271234636634,0.8065958455507456,4,1242.1270567718348
205,DonchianChampionAggressiveStrategy,"{""ema_exit_days"": 2.471083655816397, ""entry_days"": 9.11019649888942, ""exit_days"": 2.0, ""timeframe_minutes"": 5, ""trailing_drawdown_pct"": 0.8235525099824045}",70.07,21.6421229041051,13.533822154649734,-64.29134091952105,-22.86012256419101,134.3985266673665,1.586117740672645,0.7688126993923077,4,1216.421229041051
90,DonchianChampionAggressiveStrategy,"{""ema_exit_days"": 3.4665378546268517, ""entry_days"": 13.39622162828844, ""exit_days"": 1.4152614664779004, ""timeframe_minutes"": 5, ""trailing_drawdown_pct"": 0.2}",70.07,21.21256754442595,13.533822154649734,-64.29134091952105,-22.860684096986773,130.8206689313368,1.5691480355853695,0.7405051709115011,4,1212.1256754442595
173,Strategy_62_RSIAvgs,"{""ma_periods"": [5, 10, 20], ""overbought"": 72, ""oversold"": 30, ""rsi_period"": 14, ""signal_threshold"": 0.5568048202621776}",70.0,50.65057549914456,13.533822154649734,-64.29134091952105,-43.03169703977938,494.06952700090187,2.0578873290631954,1.82332126873618,21,1506.5057549914457
280,DonchianChampionAggressiveStrategy,"{""ema_exit_days"": 4.183163447720362, ""entry_days"": 13.09364065975468, ""exit_days"": 1.114464727860913, ""timeframe_minutes"": 5, ""trailing_drawdown_pct"": 0.2}",69.94,20.1948291422984,13.533822154649734,-64.29134091952105,-22.93520671228213,122.51151173220495,1.5103041426503494,0.7203123976004648,4,1201.948291422984
130,DonchianChampionAggressiveStrategy,"{""ema_exit_days"": 1.9649955514288102, ""entry_days"": 11.0, ""exit_days"": 2.5375204968780087, ""timeframe_minutes"": 5, ""trailing_drawdown_pct"": 0.16287144249154795}",69.93,19.786071698964246,13.533822154649734,-64.29134091952105,-22.23357883900001,119.23991070156039,1.5002231009425375,0.7052669987175213,4,1197.8607169896425
40,DonchianChampionAggressiveStrategy,"{""ema_exit_days"": 4.455105696105615, ""entry_days"": 5.846463132699134, ""exit_days"": 1.1982082380481862, ""timeframe_minutes"": 5, ""trailing_drawdown_pct"": 0.29620931614494816}",69.41,62.83326992242073,13.533822154649734,-64.29134091952105,-32.18375942376046,733.0734507724758,2.947402346162635,1.9087385561628973,6,1628.3326992242073
167,CSMARevertStrategy,"{""entry_drop"": 0.2858768126049156, ""exit_up"": 0.3370332953371391, ""n_sma"": 576, ""rsi_max"": 33.85396193160412, ""rsi_period"": 14, ""timeframe_minutes"": 5}",69.22,55.813602460493094,13.533822154649734,-64.29134091952105,-32.55183643990572,587.8125056476609,2.4152478787682052,1.937613242645067,1,1558.136024604931
207,CSMARevertStrategy,"{""entry_drop"": 0.30063774256673814, ""exit_up"": 0.27053760729771714, ""n_sma"": 974, ""rsi_max"": 44.25657988901419, ""rsi_period"": 27, ""timeframe_minutes"": 5}",69.22,53.30137661783634,13.533822154649734,-64.29134091952105,-32.55183643990572,540.8780054854183,2.344818097859056,1.881568983805543,1,1533.0137661783633
257,CSMARevertStrategy,"{""entry_drop"": 0.25, ""exit_up"": 0.4850683292199153, ""n_sma"": 630, ""rsi_max"": 34.87133562696555, ""rsi_period"": 14, ""timeframe_minutes"": 5}",69.22,156.7824767087362,13.533822154649734,-64.29134091952105,-32.55183643990572,5937.21869961655,4.142815823950766,3.6687496613957586,2,2567.824767087362
82,CSMARevertStrategy,"{""entry_drop"": 0.25, ""exit_up"": 0.2912127382359636, ""n_sma"": 393, ""rsi_max"": 37.88857724795655, ""rsi_period"": 5, ""timeframe_minutes"": 5}",69.22,60.5864080047386,13.533822154649734,-64.29134091952105,-32.55183643990572,684.233172490378,2.54387788500044,2.0440307986370954,1,1605.864080047386
282,CSMARevertStrategy,"{""entry_drop"": 0.31870241836960445, ""exit_up"": 0.28077069928765974, ""n_sma"": 635, ""rsi_max"": 32.0, ""rsi_period"": 27, ""timeframe_minutes"": 5}",69.22,48.59029202653493,13.533822154649734,-64.29134091952105,-32.55183643990572,459.54367991449965,2.2129905351906762,1.7719786199427792,1,1485.9029202653494
387,CSMARevertStrategy,"{""entry_drop"": 0.29639767449149135, ""exit_up"": 0.2516347005155317, ""n_sma"": 554, ""rsi_max"": 16.896203917447504, ""rsi_period"": 14, ""timeframe_minutes"": 5}",69.22,46.72382569520352,13.533822154649734,-64.29134091952105,-32.55183643990572,429.61923041144246,2.1588041321887546,1.7281317415939186,1,1467.2382569520353
245,DonchianChampionAggressiveStrategy,"{""ema_exit_days"": 2.3677892645605794, ""entry_days"": 15.612063945485597, ""exit_days"": 1.4203511641738158, ""timeframe_minutes"": 5, ""trailing_drawdown_pct"": 0.5320150781959755}",69.2,19.15614310795002,13.533822154649734,-64.29134091952105,-22.57044070465103,114.27077188844974,1.5586469481526473,0.633227752871412,4,1191.5614310795002
169,GridTradingStrategyV2Aggressive,"{""allow_bear_breakout_sell"": 1, ""atr_mult"": 0.9140713347692462, ""breakout_slope_min"": 0.0017995029265700064, ""breakout_window"": 20, ""buy_spacing_mult_bear"": 1.1636240410483119, ""center_lookback"": 30, ""cooldown_bars"": 1, ""fee_pct"": 0.0025, ""min_edge_pct"": 0.013444433213218917, ""min_step_pct"": 0.013282298816493279, ""min_strength"": 0.55, ""no_sell_above_ema_fast_in_bull"": 1, ""num_grids"": 18, ""recenter_dwell_bars"": 7, ""recenter_threshold_pct"": 0.12, ""sell_spacing_mult_bull"": 1.3, ""side_when_bear"": 2, ""slippage_pct"": 0.01, ""strong_slope_min"": 0.006825175338912439, ""timeframe_minutes"": 60, ""tol_buy_hi"": 0.017353520419647654, ""tol_buy_lo"": 0.01, ""tol_sell_hi"": 0.019823071563673515, ""tol_sell_lo"": 0.01577021503988636, ""trail_atr_mult"": 2.715675232613247, ""trend_ema_fast"": 23, ""trend_ema_slow"": 105}",68.11,42.1167588294506,13.533822154649734,-64.29134091952105,-34.77122824811324,361.01930880015783,2.282118977704252,1.265097157267748,2,1421.167588294506
87,CSMARevertStrategy,"{""entry_drop"": 0.25, ""exit_up"": 0.8152471793079102, ""n_sma"": 527, ""rsi_max"": 33.45041607830131, ""rsi_period"": 31, ""timeframe_minutes"": 5}",66.25,201.33721855917125,13.533822154649734,-64.29134091952105,-38.502771141852875,12005.312307445534,4.079757438738972,4.285096905135652,1,3013.3721855917124
397,CSMARevertStrategy,"{""entry_drop"": 0.25, ""exit_up"": 0.8544944592357347, ""n_sma"": 576, ""rsi_max"": 47.00454289438447, ""rsi_period"": 14, ""timeframe_minutes"": 5}",66.25,201.33721855917125,13.533822154649734,-64.29134091952105,-38.502771141852875,12005.312307445534,4.079757438738972,4.285096905135652,1,3013.3721855917124
382,CSMARevertStrategy,"{""entry_drop"": 0.27700317717457124, ""exit_up"": 0.985057193209276, ""n_sma"": 576, ""rsi_max"": 37.92108640103789, ""rsi_period"": 48, ""timeframe_minutes"": 5}",66.25,201.33721855917125,13.533822154649734,-64.29134091952105,-38.502771141852875,12005.312307445534,4.079757438738972,4.285096905135652,1,3013.3721855917124
357,CSMARevertStrategy,"{""entry_drop"": 0.25, ""exit_up"": 0.7980879741092531, ""n_sma"": 336, ""rsi_max"": 34.591121998191525, ""rsi_period"": 26, ""timeframe_minutes"": 5}",66.25,201.33721855917125,13.533822154649734,-64.29134091952105,-38.502771141852875,12005.312307445534,4.079757438738972,4.285096905135652,1,3013.3721855917124
247,CSMARevertStrategy,"{""entry_drop"": 0.3269739840129978, ""exit_up"": 0.9189828862584585, ""n_sma"": 800, ""rsi_max"": 40.99587675269164, ""rsi_period"": 11, ""timeframe_minutes"": 5}",66.25,192.07776915612303,13.533822154649734,-64.29134091952105,-38.502771141852875,10469.160161619142,3.9872813527193123,4.183471452618097,1,2920.7776915612303
159,GridTradingStrategyV2Aggressive,"{""allow_bear_breakout_sell"": 0, ""atr_mult"": 0.8919658188054977, ""breakout_slope_min"": 0.0015141115981998864, ""breakout_window"": 36, ""buy_spacing_mult_bear"": 1.2917046643024674, ""center_lookback"": 20, ""cooldown_bars"": 6, ""fee_pct"": 0.0025, ""min_edge_pct"": 0.02928949618962645, ""min_step_pct"": 0.02414374520761342, ""min_strength"": 0.6491726870689973, ""no_sell_above_ema_fast_in_bull"": 0, ""num_grids"": 13, ""recenter_dwell_bars"": 6, ""recenter_threshold_pct"": 0.09118633241148545, ""sell_spacing_mult_bull"": 1.3, ""side_when_bear"": 0, ""slippage_pct"": 0.01, ""strong_slope_min"": 0.006224957083851321, ""timeframe_minutes"": 60, ""tol_buy_hi"": 0.012775056438812264, ""tol_buy_lo"": 0.015860802438593245, ""tol_sell_hi"": 0.014719484497451953, ""tol_sell_lo"": 0.012378156078866937, ""trail_atr_mult"": 2.0, ""trend_ema_fast"": 44, ""trend_ema_slow"": 184}",66.25,47.27672923219479,13.533822154649734,-64.29134091952105,-38.50277114185289,438.3520102902801,2.1905539694825946,1.4824082615847352,1,1472.767292321948
202,CSMARevertStrategy,"{""entry_drop"": 0.27437439211752546, ""exit_up"": 0.8079908796404431, ""n_sma"": 644, ""rsi_max"": 40.18435115957518, ""rsi_period"": 41, ""timeframe_minutes"": 5}",66.25,201.33721855917125,13.533822154649734,-64.29134091952105,-38.502771141852875,12005.312307445534,4.079757438738972,4.285096905135652,1,3013.3721855917124
164,GridTradingStrategyV2Aggressive,"{""allow_bear_breakout_sell"": 0, ""atr_mult"": 1.0590444552804934, ""breakout_slope_min"": 0.0029476402551474523, ""breakout_window"": 16, ""buy_spacing_mult_bear"": 1.302244619121327, ""center_lookback"": 20, ""cooldown_bars"": 0, ""fee_pct"": 0.0025, ""min_edge_pct"": 0.02425047915368157, ""min_step_pct"": 0.02, ""min_strength"": 0.6308076168892377, ""no_sell_above_ema_fast_in_bull"": 0, ""num_grids"": 20, ""recenter_dwell_bars"": 6, ""recenter_threshold_pct"": 0.09310086827778494, ""sell_spacing_mult_bull"": 1.3, ""side_when_bear"": 2, ""slippage_pct"": 0.01, ""strong_slope_min"": 0.0008689678796329492, ""timeframe_minutes"": 60, ""tol_buy_hi"": 0.017967409095586702, ""tol_buy_lo"": 0.01, ""tol_sell_hi"": 0.01, ""tol_sell_lo"": 0.018251052945174012, ""trail_atr_mult"": 2.5988487188653107, ""trend_ema_fast"": 26, ""trend_ema_slow"": 324}",66.25,81.94837696858465,13.533822154649734,-64.29134091952105,-38.50277114185289,1249.8462449193028,3.094698384399062,2.1142428491426255,1,1819.4837696858465
57,CSMARevertStrategy,"{""entry_drop"": 0.30939679774891427, ""exit_up"": 0.9234618416870937, ""n_sma"": 442, ""rsi_max"": 28.397195956245017, ""rsi_period"": 14, ""timeframe_minutes"": 5}",66.25,192.07776915612303,13.533822154649734,-64.29134091952105,-38.502771141852875,10469.160161619142,3.9872813527193123,4.183471452618097,1,2920.7776915612303
262,CSMARevertStrategy,"{""entry_drop"": 0.24308678915566473, ""exit_up"": 0.6740433187285771, ""n_sma"": 344, ""rsi_max"": 36.274972627073836, ""rsi_period"": 10, ""timeframe_minutes"": 5}",66.25,201.33721855917125,13.533822154649734,-64.29134091952105,-38.502771141852875,12005.312307445534,4.079757438738972,4.285096905135652,1,3013.3721855917124
340,DonchianChampionAggressiveStrategy,"{""ema_exit_days"": 3.103173365579435, ""entry_days"": 6.489260613841002, ""exit_days"": 2.9147876431225064, ""timeframe_minutes"": 5, ""trailing_drawdown_pct"": 0.8529196103139677}",66.13,44.11534978140641,13.533822154649734,-64.29134091952105,-38.734407942909385,389.88054289087097,2.2184775310289915,1.6216180692486,6,1441.1534978140642
303,Strategy_62_RSIAvgs,"{""ma_periods"": [5, 10, 20], ""overbought"": 70, ""oversold"": 30, ""rsi_period"": 16, ""signal_threshold"": 0.5117699611503254}",66.0,36.64727551437545,13.533822154649734,-64.29134091952105,-43.10615265099354,288.69457944454007,1.78701222866016,1.3909717009219644,21,1366.4727551437545
267,CSMARevertStrategy,"{""entry_drop"": 0.24906257288565825, ""exit_up"": 0.9429552235507886, ""n_sma"": 762, ""rsi_max"": 42.21145541588251, ""rsi_period"": 37, ""timeframe_minutes"": 5}",65.5,94.00063146778699,13.533822154649734,-64.29134091952105,-57.10893400869155,1684.0245620096332,2.567478515016311,2.974856813209758,1,1940.0063146778698
114,GridTradingStrategyV2Aggressive,"{""allow_bear_breakout_sell"": 1, ""atr_mult"": 1.5776817093582443, ""breakout_slope_min"": 0.003263947615270649, ""breakout_window"": 27, ""buy_spacing_mult_bear"": 1.2, ""center_lookback"": 38, ""cooldown_bars"": 2, ""fee_pct"": 0.0025, ""min_edge_pct"": 0.020024031001426294, ""min_step_pct"": 0.02, ""min_strength"": 0.7485028937119773, ""no_sell_above_ema_fast_in_bull"": 1, ""num_grids"": 10, ""recenter_dwell_bars"": 14, ""recenter_threshold_pct"": 0.19607859088657417, ""sell_spacing_mult_bull"": 1.3169482632348022, ""side_when_bear"": 1, ""slippage_pct"": 0.01, ""strong_slope_min"": 0.00806307850882479, ""timeframe_minutes"": 60, ""tol_buy_hi"": 0.00576840121307565, ""tol_buy_lo"": 0.01003089775436719, ""tol_sell_hi"": 0.017732987121585088, ""tol_sell_lo"": 0.005, ""trail_atr_mult"": 1.4552531050580724, ""trend_ema_fast"": 38, ""trend_ema_slow"": 145}",65.5,63.75869736365276,13.533822154649734,-64.29134091952105,-59.977932404122924,753.8567301430319,2.1145038075321034,2.5133408223942153,3,1637.5869736365275
389,GridTradingStrategyV2Aggressive,"{""allow_bear_breakout_sell"": 1, ""atr_mult"": 1.6880156828955006, ""breakout_slope_min"": 0.002509192167593177, ""breakout_window"": 35, ""buy_spacing_mult_bear"": 1.2294931726808154, ""center_lookback"": 30, ""cooldown_bars"": 2, ""fee_pct"": 0.0025, ""min_edge_pct"": 0.0292237730988606, ""min_step_pct"": 0.01769212772686471, ""min_strength"": 0.752744885380841, ""no_sell_above_ema_fast_in_bull"": 1, ""num_grids"": 18, ""recenter_dwell_bars"": 6, ""recenter_threshold_pct"": 0.19347164467201952, ""sell_spacing_mult_bull"": 1.5219573376078444, ""side_when_bear"": 2, ""slippage_pct"": 0.01, ""strong_slope_min"": 0.007947814189183253, ""timeframe_minutes"": 60, ""tol_buy_hi"": 0.005, ""tol_buy_lo"": 0.010210755799846805, ""tol_sell_hi"": 0.007131321195572033, ""tol_sell_lo"": 0.011496497972179753, ""trail_atr_mult"": 2.0, ""trend_ema_fast"": 38, ""trend_ema_slow"": 399}",65.5,61.03017855430765,13.533822154649734,-64.29134091952105,-53.072629901198674,693.7000033174195,2.1391599814068716,2.184757278533122,2,1610.3017855430767
374,GridTradingStrategyV2Aggressive,"{""allow_bear_breakout_sell"": 1, ""atr_mult"": 1.0, ""breakout_slope_min"": 0.003603491167512901, ""breakout_window"": 64, ""buy_spacing_mult_bear"": 1.7559769529028513, ""center_lookback"": 12, ""cooldown_bars"": 5, ""fee_pct"": 0.0025, ""min_edge_pct"": 0.029645643192845284, ""min_step_pct"": 0.029837017203201265, ""min_strength"": 0.5115104846313313, ""no_sell_above_ema_fast_in_bull"": 1, ""num_grids"": 11, ""recenter_dwell_bars"": 14, ""recenter_threshold_pct"": 0.22781682623969213, ""sell_spacing_mult_bull"": 1.237920593238321, ""side_when_bear"": 1, ""slippage_pct"": 0.01, ""strong_slope_min"": 0.001, ""timeframe_minutes"": 60, ""tol_buy_hi"": 0.018654289455286563, ""tol_buy_lo"": 0.018599314128879236, ""tol_sell_hi"": 0.0054334890357771275, ""tol_sell_lo"": 0.005, ""trail_atr_mult"": 2.0, ""trend_ema_fast"": 39, ""trend_ema_slow"": 174}",65.5,59.932480714834746,13.533822154649734,-64.29134091952105,-64.29134091952105,670.4418608166606,2.058476436865775,2.423008180516624,6,1599.3248071483474
102,CSMARevertStrategy,"{""entry_drop"": 0.25, ""exit_up"": 0.8568583207418213, ""n_sma"": 933, ""rsi_max"": 24.5833424762115, ""rsi_period"": 14, ""timeframe_minutes"": 5}",65.5,91.67245287528468,13.533822154649734,-64.29134091952105,-57.10893400869155,1592.7847688968984,2.5356010925252153,2.9372149345206964,1,1916.7245287528467
107,CSMARevertStrategy,"{""entry_drop"": 0.12470090531829237, ""exit_up"": 0.8463684770118085, ""n_sma"": 438, ""rsi_max"": 33.84889960475043, ""rsi_period"": 5, ""timeframe_minutes"": 5}",65.5,77.22129190351652,13.533822154649734,-64.29134091952105,-57.10893400869155,1103.8584186654634,2.329091335244337,2.6872434721043033,1,1772.2129190351652
69,GridTradingStrategyV2Aggressive,"{""allow_bear_breakout_sell"": 0, ""atr_mult"": 1.0740392482062937, ""breakout_slope_min"": 0.002646624866970684, ""breakout_window"": 76, ""buy_spacing_mult_bear"": 1.5826705403930759, ""center_lookback"": 12, ""cooldown_bars"": 5, ""fee_pct"": 0.0025, ""min_edge_pct"": 0.023037467632668472, ""min_step_pct"": 0.03657497931878911, ""min_strength"": 0.65871327705599, ""no_sell_above_ema_fast_in_bull"": 1, ""num_grids"": 20, ""recenter_dwell_bars"": 3, ""recenter_threshold_pct"": 0.12, ""sell_spacing_mult_bull"": 1.1430591361845464, ""side_when_bear"": 0, ""slippage_pct"": 0.01, ""strong_slope_min"": 0.0029429908264197013, ""timeframe_minutes"": 60, ""tol_buy_hi"": 0.0046449163739268, ""tol_buy_lo"": 0.014538947843021722, ""tol_sell_hi"": 0.00772852062163729, ""tol_sell_lo"": 0.005, ""trail_atr_mult"": 2.4113786853082244, ""trend_ema_fast"": 64, ""trend_ema_slow"": 323}",65.5,62.4593027649824,13.533822154649734,-64.29134091952105,-64.41155044744002,724.7863124756451,2.098995564797761,2.471813213936782,6,1624.5930276498239
369,GridTradingStrategyV2Aggressive,"{""allow_bear_breakout_sell"": 0, ""atr_mult"": 1.6317698119631863, ""breakout_slope_min"": 0.002183059807016527, ""breakout_window"": 17, ""buy_spacing_mult_bear"": 1.6570307336864083, ""center_lookback"": 20, ""cooldown_bars"": 3, ""fee_pct"": 0.0025, ""min_edge_pct"": 0.020700850443380624, ""min_step_pct"": 0.02, ""min_strength"": 0.55, ""no_sell_above_ema_fast_in_bull"": 1, ""num_grids"": 10, ""recenter_dwell_bars"": 6, ""recenter_threshold_pct"": 0.12, ""sell_spacing_mult_bull"": 1.204670132898175, ""side_when_bear"": 2, ""slippage_pct"": 0.01, ""strong_slope_min"": 0.009596634340160028, ""timeframe_minutes"": 60, ""tol_buy_hi"": 0.012278416529317712, ""tol_buy_lo"": 0.01, ""tol_sell_hi"": 0.009899965665293619, ""tol_sell_lo"": 0.00919457266786523, ""trail_atr_mult"": 2.6309746166676007, ""trend_ema_fast"": 27, ""trend_ema_slow"": 346}",65.5,92.03619769829452,13.533822154649734,-64.29134091952105,-57.87360978010503,1606.7973889894429,2.551796294552421,2.9047318946036005,4,1920.3619769829452
194,GridTradingStrategyV2Aggressive,"{""allow_bear_breakout_sell"": 1, ""atr_mult"": 1.7638987056350817, ""breakout_slope_min"": 0.004546182381010729, ""breakout_window"": 48, ""buy_spacing_mult_bear"": 1.1508388661428073, ""center_lookback"": 31, ""cooldown_bars"": 0, ""fee_pct"": 0.0025, ""min_edge_pct"": 0.018399029085133058, ""min_step_pct"": 0.036435484560103454, ""min_strength"": 0.756685794460205, ""no_sell_above_ema_fast_in_bull"": 0, ""num_grids"": 10, ""recenter_dwell_bars"": 12, ""recenter_threshold_pct"": 0.13126421344209696, ""sell_spacing_mult_bull"": 1.2293284382021414, ""side_when_bear"": 0, ""slippage_pct"": 0.01, ""strong_slope_min"": 0.007072195131887405, ""timeframe_minutes"": 60, ""tol_buy_hi"": 0.010410901891791922, ""tol_buy_lo"": 0.009509276808660566, ""tol_sell_hi"": 0.01, ""tol_sell_lo"": 0.010787252340175284, ""trail_atr_mult"": 1.259563472119714, ""trend_ema_fast"": 28, ""trend_ema_slow"": 200}",65.5,56.63872701662436,13.533822154649734,-64.29134091952105,-64.29134091952105,603.7909342795358,2.003603328850782,2.3597824842016317,5,1566.3872701662435
228,Strategy_62_RSIAvgs,"{""ma_periods"": [5, 10, 20], ""overbought"": 109, ""oversold"": 30, ""rsi_period"": 41, ""signal_threshold"": 0.4717893053558304}",65.5,89.03644887446053,13.533822154649734,-64.29134091952105,-57.108934008691556,1493.8649943332407,2.5010480699483617,2.8974257630522127,1,1890.3644887446053
214,GridTradingStrategyV2Aggressive,"{""allow_bear_breakout_sell"": 0, ""atr_mult"": 0.8876859326027919, ""breakout_slope_min"": 0.0037719190976115593, ""breakout_window"": 79, ""buy_spacing_mult_bear"": 1.5142511721440333, ""center_lookback"": 28, ""cooldown_bars"": 2, ""fee_pct"": 0.0025, ""min_edge_pct"": 0.014162276223611039, ""min_step_pct"": 0.03355724242800493, ""min_strength"": 0.4556044551992919, ""no_sell_above_ema_fast_in_bull"": 1, ""num_grids"": 10, ""recenter_dwell_bars"": 7, ""recenter_threshold_pct"": 0.12, ""sell_spacing_mult_bull"": 1.774907388621218, ""side_when_bear"": 1, ""slippage_pct"": 0.01, ""strong_slope_min"": 0.009810791140627223, ""timeframe_minutes"": 60, ""tol_buy_hi"": 0.012905860032292748, ""tol_buy_lo"": 0.01692949929766636, ""tol_sell_hi"": 0.01245568022067972, ""tol_sell_lo"": 0.006887518330399327, ""trail_atr_mult"": 2.409442509883385, ""trend_ema_fast"": 35, ""trend_ema_slow"": 387}",65.5,59.991026604559885,13.533822154649734,-64.29134091952105,-64.6821760108836,671.6689232227503,2.059163424104571,2.425215205641846,6,1599.9102660455987
344,GridTradingStrategyV2Aggressive,"{""allow_bear_breakout_sell"": 0, ""atr_mult"": 1.582472045061936, ""breakout_slope_min"": 0.004392931248570804, ""breakout_window"": 54, ""buy_spacing_mult_bear"": 1.7903350699725082, ""center_lookback"": 14, ""cooldown_bars"": 1, ""fee_pct"": 0.0025, ""min_edge_pct"": 0.017017403602589704, ""min_step_pct"": 0.03707599427365112, ""min_strength"": 0.7794367685848698, ""no_sell_above_ema_fast_in_bull"": 1, ""num_grids"": 6, ""recenter_dwell_bars"": 8, ""recenter_threshold_pct"": 0.2185042968895356, ""sell_spacing_mult_bull"": 1.15478405645647, ""side_when_bear"": 1, ""slippage_pct"": 0.01, ""strong_slope_min"": 0.004505570610240588, ""timeframe_minutes"": 60, ""tol_buy_hi"": 0.012836232643185591, ""tol_buy_lo"": 0.01, ""tol_sell_hi"": 0.011021930559816746, ""tol_sell_lo"": 0.0020762448344781898, ""trail_atr_mult"": 2.0, ""trend_ema_fast"": 71, ""trend_ema_slow"": 307}",65.5,64.3201783955065,13.533822154649734,-64.29134091952105,-64.41155044744002,766.6596475933416,2.1304827242598248,2.4877522190316914,5,1643.201783955065
119,GridTradingStrategyV2Aggressive,"{""allow_bear_breakout_sell"": 0, ""atr_mult"": 1.61475094875202, ""breakout_slope_min"": 0.0034196160737919147, ""breakout_window"": 68, ""buy_spacing_mult_bear"": 1.460238099370548, ""center_lookback"": 20, ""cooldown_bars"": 0, ""fee_pct"": 0.0025, ""min_edge_pct"": 0.02016242053144008, ""min_step_pct"": 0.01834794593218303, ""min_strength"": 0.6381065640249961, ""no_sell_above_ema_fast_in_bull"": 1, ""num_grids"": 10, ""recenter_dwell_bars"": 7, ""recenter_threshold_pct"": 0.12, ""sell_spacing_mult_bull"": 1.3, ""side_when_bear"": 2, ""slippage_pct"": 0.01, ""strong_slope_min"": 0.0010602034702240169, ""timeframe_minutes"": 60, ""tol_buy_hi"": 0.019812460497455595, ""tol_buy_lo"": 0.01, ""tol_sell_hi"": 0.01076909302789976, ""tol_sell_lo"": 0.012161820587875611, ""trail_atr_mult"": 3.079318682103422, ""trend_ema_fast"": 50, ""trend_ema_slow"": 253}",65.5,101.5648007946766,13.533822154649734,-64.29134091952105,-57.87360978010503,2006.8311951077537,2.728837974969806,3.0325515206652884,4,2015.648007946766
168,Strategy_62_RSIAvgs,"{""ma_periods"": [5, 10, 20], ""overbought"": 126, ""oversold"": 26, ""rsi_period"": 44, ""signal_threshold"": 0.19824149167629468}",65.5,89.03644887446053,13.533822154649734,-64.29134091952105,-57.108934008691556,1493.8649943332407,2.5010480699483617,2.8974257630522127,1,1890.3644887446053
376,CompositeMomentumIndexStrategy,"{""roc_period"": 12, ""rsi_period"": 28, ""signal_threshold"": 0.6418453793842119, ""tsi_long"": 34, ""tsi_short"": 9}",65.5,65.10700863707225,13.533822154649734,-64.29134091952105,-57.10893400869155,784.8491173163075,2.2353140105544926,2.243420592580727,2,1651.0700863707227
139,GridTradingStrategyV2Aggressive,"{""allow_bear_breakout_sell"": 1, ""atr_mult"": 1.6517316478922837, ""breakout_slope_min"": 0.004243845948485991, ""breakout_window"": 48, ""buy_spacing_mult_bear"": 1.3296103283433833, ""center_lookback"": 11, ""cooldown_bars"": 2, ""fee_pct"": 0.0025, ""min_edge_pct"": 0.02, ""min_step_pct"": 0.039786247642343966, ""min_strength"": 0.6835685818405002, ""no_sell_above_ema_fast_in_bull"": 1, ""num_grids"": 9, ""recenter_dwell_bars"": 3, ""recenter_threshold_pct"": 0.14081742897012517, ""sell_spacing_mult_bull"": 1.1325539201609525, ""side_when_bear"": 1, ""slippage_pct"": 0.01, ""strong_slope_min"": 0.001, ""timeframe_minutes"": 60, ""tol_buy_hi"": 0.0030805209062532693, ""tol_buy_lo"": 0.006285883348636858, ""tol_sell_hi"": 0.006929717594738706, ""tol_sell_lo"": 0.004010452598812553, ""trail_atr_mult"": 2.4043585839802297, ""trend_ema_fast"": 69, ""trend_ema_slow"": 311}",65.5,58.56641054776468,13.533822154649734,-64.29134091952105,-64.29134091952105,642.2343807159883,2.0349892000106826,2.395793402212363,5,1585.664105477647
179,GridTradingStrategyV2Aggressive,"{""allow_bear_breakout_sell"": 0, ""atr_mult"": 1.2323464983494485, ""breakout_slope_min"": 0.0027170827234643145, ""breakout_window"": 11, ""buy_spacing_mult_bear"": 1.2, ""center_lookback"": 13, ""cooldown_bars"": 2, ""fee_pct"": 0.0025, ""min_edge_pct"": 0.021000852746179126, ""min_step_pct"": 0.03617222708930737, ""min_strength"": 0.5467863393079685, ""no_sell_above_ema_fast_in_bull"": 1, ""num_grids"": 20, ""recenter_dwell_bars"": 12, ""recenter_threshold_pct"": 0.22485620107979687, ""sell_spacing_mult_bull"": 1.6302739051565431, ""side_when_bear"": 1, ""slippage_pct"": 0.01, ""strong_slope_min"": 0.0059369933463269305, ""timeframe_minutes"": 60, ""tol_buy_hi"": 0.01039188221950066, ""tol_buy_lo"": 0.007133841623311418, ""tol_sell_hi"": 0.014887893547712965, ""tol_sell_lo"": 0.0032274584685394315, ""trail_atr_mult"": 3.4280930275816677, ""trend_ema_fast"": 50, ""trend_ema_slow"": 277}",65.5,62.38776266957058,13.533822154649734,-64.29134091952105,-64.29134091952105,723.2082393704277,2.097451961293645,2.471791607005689,6,1623.8776266957059
289,GridTradingStrategyV2Aggressive,"{""allow_bear_breakout_sell"": 1, ""atr_mult"": 1.0, ""breakout_slope_min"": 0.0044786360772280966, ""breakout_window"": 22, ""buy_spacing_mult_bear"": 1.2, ""center_lookback"": 20, ""cooldown_bars"": 3, ""fee_pct"": 0.0025, ""min_edge_pct"": 0.02, ""min_step_pct"": 0.014370079320327111, ""min_strength"": 0.726497325789855, ""no_sell_above_ema_fast_in_bull"": 0, ""num_grids"": 19, ""recenter_dwell_bars"": 3, ""recenter_threshold_pct"": 0.08841050908166159, ""sell_spacing_mult_bull"": 1.0959255025159702, ""side_when_bear"": 2, ""slippage_pct"": 0.01, ""strong_slope_min"": 0.005797545831594156, ""timeframe_minutes"": 60, ""tol_buy_hi"": 0.0056927846950710695, ""tol_buy_lo"": 0.010558251409032507, ""tol_sell_hi"": 0.008762447516581857, ""tol_sell_lo"": 0.004746308899415237, ""trail_atr_mult"": 3.488453641702331, ""trend_ema_fast"": 60, ""trend_ema_slow"": 134}",65.5,55.83563831152494,13.533822154649734,-64.29134091952105,-53.07260480845268,588.2355620302886,2.0406395365446057,2.088559398622148,2,1558.3563831152494
217,CSMARevertStrategy,"{""entry_drop"": 0.2372568690194763, ""exit_up"": 0.6876050020266063, ""n_sma"": 854, ""rsi_max"": 25.151419468350145, ""rsi_period"": 7, ""timeframe_minutes"": 5}",65.5,91.67245287528468,13.533822154649734,-64.29134091952105,-57.10893400869155,1592.7847688968984,2.5356010925252153,2.9372149345206964,1,1916.7245287528467
213,Strategy_62_RSIAvgs,"{""ma_periods"": [5, 10, 20], ""overbought"": 137, ""oversold"": 18, ""rsi_period"": 14, ""signal_threshold"": 0.9753562474430765}",65.5,56.03325065695841,13.533822154649734,-64.29134091952105,-52.708196176076996,592.0383943629867,2.0137787249524806,2.202339025434926,1,1560.3325065695842
144,GridTradingStrategyV2Aggressive,"{""allow_bear_breakout_sell"": 0, ""atr_mult"": 1.5994194960915593, ""breakout_slope_min"": 0.003987364117466147, ""breakout_window"": 31, ""buy_spacing_mult_bear"": 1.4997325194964555, ""center_lookback"": 23, ""cooldown_bars"": 3, ""fee_pct"": 0.0025, ""min_edge_pct"": 0.023342649023673376, ""min_step_pct"": 0.035991056405486055, ""min_strength"": 0.608940981649271, ""no_sell_above_ema_fast_in_bull"": 0, ""num_grids"": 18, ""recenter_dwell_bars"": 7, ""recenter_threshold_pct"": 0.1375656477124789, ""sell_spacing_mult_bull"": 1.0265350155046207, ""side_when_bear"": 0, ""slippage_pct"": 0.01, ""strong_slope_min"": 0.002144120129288078, ""timeframe_minutes"": 60, ""tol_buy_hi"": 0.015813280460933023, ""tol_buy_lo"": 0.011640814962949067, ""tol_sell_hi"": 0.01827264534218111, ""tol_sell_lo"": 0.010760326394028023, ""trail_atr_mult"": 3.449870877212236, ""trend_ema_fast"": 39, ""trend_ema_slow"": 387}",65.5,57.30832509254993,13.533822154649734,-64.29134091952105,-64.41155044744002,616.9664254913951,2.015624060746569,2.3713923492683384,6,1573.0832509254992
399,GridTradingStrategyV2Aggressive,"{""allow_bear_breakout_sell"": 0, ""atr_mult"": 1.7180522364980586, ""breakout_slope_min"": 0.0003086768472711562, ""breakout_window"": 40, ""buy_spacing_mult_bear"": 1.2780182387269998, ""center_lookback"": 28, ""cooldown_bars"": 1, ""fee_pct"": 0.0025, ""min_edge_pct"": 0.020505543870006956, ""min_step_pct"": 0.02, ""min_strength"": 0.55, ""no_sell_above_ema_fast_in_bull"": 0, ""num_grids"": 13, ""recenter_dwell_bars"": 12, ""recenter_threshold_pct"": 0.20626484868200468, ""sell_spacing_mult_bull"": 1.6125705049153052, ""side_when_bear"": 0, ""slippage_pct"": 0.01, ""strong_slope_min"": 0.0019763751507679552, ""timeframe_minutes"": 60, ""tol_buy_hi"": 0.01934000478996263, ""tol_buy_lo"": 0.01, ""tol_sell_hi"": 0.01, ""tol_sell_lo"": 0.005, ""trail_atr_mult"": 2.0, ""trend_ema_fast"": 76, ""trend_ema_slow"": 200}",65.5,74.11415410774175,13.533822154649734,-64.29134091952105,-59.977932404122924,1014.7410201783055,2.2782980501661814,2.683490089092806,6,1741.1415410774175
9,GridTradingStrategyV2Aggressive,"{""allow_bear_breakout_sell"": 0, ""atr_mult"": 0.8109784525699113, ""breakout_slope_min"": 0.002344000495027978, ""breakout_window"": 20, ""buy_spacing_mult_bear"": 1.357639172669451, ""center_lookback"": 11, ""cooldown_bars"": 4, ""fee_pct"": 0.0025, ""min_edge_pct"": 0.029119253854587853, ""min_step_pct"": 0.03360060336095133, ""min_strength"": 0.45129244725953754, ""no_sell_above_ema_fast_in_bull"": 1, ""num_grids"": 10, ""recenter_dwell_bars"": 14, ""recenter_threshold_pct"": 0.2481149001885623, ""sell_spacing_mult_bull"": 1.3319449267329626, ""side_when_bear"": 2, ""slippage_pct"": 0.01, ""strong_slope_min"": 0.007444488555249483, ""timeframe_minutes"": 60, ""tol_buy_hi"": 0.015435142623769257, ""tol_buy_lo"": 0.01, ""tol_sell_hi"": 0.01, ""tol_sell_lo"": 0.004208504637939311, ""trail_atr_mult"": 3.461346234981518, ""trend_ema_fast"": 63, ""trend_ema_slow"": 180}",65.5,61.37821747142489,13.533822154649734,-64.29134091952105,-64.15671040745224,701.1859890314637,2.087955420437311,2.3974608098869257,5,1613.7821747142489
44,GridTradingStrategyV2Aggressive,"{""allow_bear_breakout_sell"": 1, ""atr_mult"": 1.0733079278419777, ""breakout_slope_min"": 0.0005, ""breakout_window"": 20, ""buy_spacing_mult_bear"": 1.5929365680629952, ""center_lookback"": 15, ""cooldown_bars"": 5, ""fee_pct"": 0.0025, ""min_edge_pct"": 0.02, ""min_step_pct"": 0.028133296804078757, ""min_strength"": 0.49907036425928053, ""no_sell_above_ema_fast_in_bull"": 0, ""num_grids"": 10, ""recenter_dwell_bars"": 8, ""recenter_threshold_pct"": 0.14120557061455538, ""sell_spacing_mult_bull"": 1.5110694120137678, ""side_when_bear"": 1, ""slippage_pct"": 0.01, ""strong_slope_min"": 0.006994492027280591, ""timeframe_minutes"": 60, ""tol_buy_hi"": 0.002046575669434887, ""tol_buy_lo"": 0.01482343815124889, ""tol_sell_hi"": 0.009240317002319387, ""tol_sell_lo"": 0.0030030990597570994, ""trail_atr_mult"": 3.204727811902658, ""trend_ema_fast"": 47, ""trend_ema_slow"": 235}",65.5,64.85333371250046,13.533822154649734,-64.29134091952105,-61.744581177766456,778.9530147367711,2.137283978403652,2.5068762333351344,6,1648.5333371250047
81,CompositeMomentumIndexStrategy,"{""roc_period"": 13, ""rsi_period"": 29, ""signal_threshold"": 0.8796949391040834, ""tsi_long"": 33, ""tsi_short"": 13}",65.5,64.62643014475931,13.533822154649734,-64.29134091952105,-57.10893400869155,773.7048266072534,2.226540258667591,2.2345955326431595,2,1646.264301447593
51,CompositeMomentumIndexStrategy,"{""roc_period"": 13, ""rsi_period"": 28, ""signal_threshold"": 0.5685343985790186, ""tsi_long"": 30, ""tsi_short"": 19}",65.5,64.62643014475931,13.533822154649734,-64.29134091952105,-57.10893400869155,773.7048266072534,2.226540258667591,2.2345955326431595,2,1646.264301447593
38,Strategy_62_RSIAvgs,"{""ma_periods"": [5, 10, 20], ""overbought"": 138, ""oversold"": 30, ""rsi_period"": 44, ""signal_threshold"": 0.7980359339680735}",65.5,89.03644887446053,13.533822154649734,-64.29134091952105,-57.108934008691556,1493.8649943332407,2.5010480699483617,2.8974257630522127,1,1890.3644887446053
21,CompositeMomentumIndexStrategy,"{""roc_period"": 10, ""rsi_period"": 29, ""signal_threshold"": 0.45463277292079285, ""tsi_long"": 18, ""tsi_short"": 14}",65.5,63.19654007832898,13.533822154649734,-64.29134091952105,-57.10893400869155,741.1847895708635,2.2008894408227624,2.214293239717763,2,1631.9654007832899
23,Strategy_62_RSIAvgs,"{""ma_periods"": [5, 10, 20], ""overbought"": 94, ""oversold"": 30, ""rsi_period"": 33, ""signal_threshold"": 0.945865563634713}",65.5,89.03644887446053,13.533822154649734,-64.29134091952105,-57.108934008691556,1493.8649943332407,2.5010480699483617,2.8974257630522127,1,1890.3644887446053
105,DonchianChampionAggressiveStrategy,"{""ema_exit_days"": 2.534289056675392, ""entry_days"": 13.461794880008728, ""exit_days"": 2.0, ""timeframe_minutes"": 5, ""trailing_drawdown_pct"": 0.39229780612731036}",64.98,19.067604054630017,13.533822154649734,-64.29134091952105,-22.86080035192465,113.57935173936582,1.4524501278873003,0.7011693568550569,4,1190.6760405463
110,DonchianChampionAggressiveStrategy,"{""ema_exit_days"": 2.537733981247877, ""entry_days"": 6.328480627936473, ""exit_days"": 2.0, ""timeframe_minutes"": 5, ""trailing_drawdown_pct"": 0.8828647518600787}",64.98,25.204004143181137,13.533822154649734,-64.29134091952105,-33.04296678366112,165.73889513758266,1.563058249511935,1.0646844454261328,7,1252.0400414318115
135,DonchianChampionAggressiveStrategy,"{""ema_exit_days"": 2.172234319791026, ""entry_days"": 13.37377409997624, ""exit_days"": 2.0, ""timeframe_minutes"": 5, ""trailing_drawdown_pct"": 0.41527471900210333}",64.98,19.067604054630017,13.533822154649734,-64.29134091952105,-22.86080035192465,113.57935173936582,1.4524501278873003,0.7011693568550569,4,1190.6760405463
95,DonchianChampionAggressiveStrategy,"{""ema_exit_days"": 3.0, ""entry_days"": 13.337854407217064, ""exit_days"": 1.8694776392416472, ""timeframe_minutes"": 5, ""trailing_drawdown_pct"": 0.450573459473828}",64.97,19.06390959600117,13.533822154649734,-64.29134091952105,-22.86078727178428,113.5505383197747,1.4540571130910256,0.6966288429964076,4,1190.6390959600117
310,DonchianChampionAggressiveStrategy,"{""ema_exit_days"": 2.589261461214518, ""entry_days"": 12.747629529125028, ""exit_days"": 1.9086754381108741, ""timeframe_minutes"": 5, ""trailing_drawdown_pct"": 0.5572390545990604}",64.97,19.06390959600117,13.533822154649734,-64.29134091952105,-22.86078727178428,113.5505383197747,1.4540571130910256,0.6966288429964076,4,1190.6390959600117
275,DonchianChampionAggressiveStrategy,"{""ema_exit_days"": 1.8708184199451252, ""entry_days"": 10.794287851334888, ""exit_days"": 2.0, ""timeframe_minutes"": 5, ""trailing_drawdown_pct"": 0.2}",64.93,19.014270311886005,13.533822154649734,-64.29134091952105,-22.86080035192465,113.16368722543082,1.4491174286802895,0.7009669593720191,4,1190.14270311886
250,DonchianChampionAggressiveStrategy,"{""ema_exit_days"": 2.3159519439163128, ""entry_days"": 11.970542057278873, ""exit_days"": 2.0, ""timeframe_minutes"": 5, ""trailing_drawdown_pct"": 0.2}",64.93,19.014270311886005,13.533822154649734,-64.29134091952105,-22.86080035192465,113.16368722543082,1.4491174286802895,0.7009669593720191,4,1190.14270311886
355,DonchianChampionAggressiveStrategy,"{""ema_exit_days"": 3.0, ""entry_days"": 10.369627720527285, ""exit_days"": 2.0123959612197524, ""timeframe_minutes"": 5, ""trailing_drawdown_pct"": 0.2}",64.93,19.014270311886005,13.533822154649734,-64.29134091952105,-22.86080035192465,113.16368722543082,1.4491174286802895,0.7009669593720191,4,1190.14270311886
70,DonchianChampionAggressiveStrategy,"{""ema_exit_days"": 3.0, ""entry_days"": 12.282572603814028, ""exit_days"": 2.1003217090009523, ""timeframe_minutes"": 5, ""trailing_drawdown_pct"": 0.2}",64.93,19.014270311886005,13.533822154649734,-64.29134091952105,-22.86080035192465,113.16368722543082,1.4491174286802895,0.7009669593720191,4,1190.14270311886
55,DonchianChampionAggressiveStrategy,"{""ema_exit_days"": 2.120637669256336, ""entry_days"": 5.918163386864959, ""exit_days"": 2.212630938697716, ""timeframe_minutes"": 5, ""trailing_drawdown_pct"": 0.9553196092530485}",64.86,26.041503150072607,13.533822154649734,-64.29134091952105,-33.28274870813084,173.5548763039787,1.59374433589194,1.0915313251472807,7,1260.4150315007262
210,DonchianChampionAggressiveStrategy,"{""ema_exit_days"": 4.269931247485092, ""entry_days"": 12.11785461610565, ""exit_days"": 1.469734149224776, ""timeframe_minutes"": 5, ""trailing_drawdown_pct"": 0.5497715747717001}",64.39,18.91242844716503,13.533822154649734,-64.29134091952105,-23.756914212213676,112.37169799936848,1.4416640488319201,0.687943824607116,4,1189.1242844716503
80,DonchianChampionAggressiveStrategy,"{""ema_exit_days"": 2.172366237535748, ""entry_days"": 10.668786393182428, ""exit_days"": 2.174278587998659, ""timeframe_minutes"": 5, ""trailing_drawdown_pct"": 0.6536222973840531}",64.1,18.08298286135246,13.533822154649734,-64.29134091952105,-22.861047786099686,106.00542803938211,1.3956582009654328,0.6801874909988734,4,1180.8298286135246
360,DonchianChampionAggressiveStrategy,"{""ema_exit_days"": 3.808195308959963, ""entry_days"": 11.0, ""exit_days"": 2.5441621576773397, ""timeframe_minutes"": 5, ""trailing_drawdown_pct"": 0.7129681606985718}",63.56,17.469229243831165,13.533822154649734,-64.29134091952105,-22.861212997083946,101.39005935469481,1.355947532624242,0.6766261325434766,4,1174.6922924383116
320,DonchianChampionAggressiveStrategy,"{""ema_exit_days"": 1.837898801666233, ""entry_days"": 11.0, ""exit_days"": 2.678730496532336, ""timeframe_minutes"": 5, ""trailing_drawdown_pct"": 0.7821240247962723}",63.56,17.469229243831165,13.533822154649734,-64.29134091952105,-22.861212997083946,101.39005935469481,1.355947532624242,0.6766261325434766,4,1174.6922924383116
50,DonchianChampionAggressiveStrategy,"{""ema_exit_days"": 3.849360599286969, ""entry_days"": 11.274650958674624, ""exit_days"": 2.734648572109375, ""timeframe_minutes"": 5, ""trailing_drawdown_pct"": 0.6845769780501952}",63.42,17.356005506713768,13.533822154649734,-64.29134091952105,-22.935515428500665,100.54740104685584,1.3473677071889874,0.6756318377158224,4,1173.5600550671377
145,DonchianChampionAggressiveStrategy,"{""ema_exit_days"": 2.369142428162129, ""entry_days"": 11.0, ""exit_days"": 2.740686485551139, ""timeframe_minutes"": 5, ""trailing_drawdown_pct"": 0.2661288222883158}",63.42,17.356005506713768,13.533822154649734,-64.29134091952105,-22.935515428500665,100.54740104685584,1.3473677071889874,0.6756318377158224,4,1173.5600550671377
295,DonchianChampionAggressiveStrategy,"{""ema_exit_days"": 1.7361328132691105, ""entry_days"": 11.0, ""exit_days"": 2.4574121211119464, ""timeframe_minutes"": 5, ""trailing_drawdown_pct"": 0.2810263375329618}",63.32,17.199119496502256,13.533822154649734,-64.29134091952105,-22.861286253321687,99.38428018262195,1.3468827119730726,0.6584621925912685,4,1171.9911949650225
85,DonchianChampionAggressiveStrategy,"{""ema_exit_days"": 4.154515370829358, ""entry_days"": 15.353135943835339, ""exit_days"": 1.3657631784136166, ""timeframe_minutes"": 5, ""trailing_drawdown_pct"": 0.36908585854939313}",62.6,16.70381739544313,13.533822154649734,-64.29134091952105,-23.41738171187836,95.7462660463565,1.3316359588539641,0.6217573144364547,4,1167.0381739544314
77,CSMARevertStrategy,"{""entry_drop"": 0.25, ""exit_up"": 0.048, ""n_sma"": 766, ""rsi_max"": 32.0, ""rsi_period"": 14, ""timeframe_minutes"": 5}",61.96,30.485107918632792,13.533822154649734,-64.29134091952105,-39.081075861473465,218.0329818430099,1.9651168812045414,0.6042757055703415,3,1304.851079186328
261,CompositeMomentumIndexStrategy,"{""roc_period"": 10, ""rsi_period"": 14, ""signal_threshold"": 0.16841993678224637, ""tsi_long"": 20, ""tsi_short"": 15}",61.5,46.86573493221029,13.533822154649734,-64.29134091952105,-57.10893400869155,431.85011864883404,1.9111581130674746,1.8075685762101075,3,1468.6573493221028
209,GridTradingStrategyV2Aggressive,"{""allow_bear_breakout_sell"": 1, ""atr_mult"": 0.6427731172782275, ""breakout_slope_min"": 0.0040268360741584665, ""breakout_window"": 14, ""buy_spacing_mult_bear"": 1.2, ""center_lookback"": 38, ""cooldown_bars"": 3, ""fee_pct"": 0.0025, ""min_edge_pct"": 0.011343518373806292, ""min_step_pct"": 0.03137239129343223, ""min_strength"": 0.55, ""no_sell_above_ema_fast_in_bull"": 1, ""num_grids"": 15, ""recenter_dwell_bars"": 10, ""recenter_threshold_pct"": 0.08421324181626141, ""sell_spacing_mult_bull"": 1.4111308193307424, ""side_when_bear"": 2, ""slippage_pct"": 0.01, ""strong_slope_min"": 0.009288285099718636, ""timeframe_minutes"": 60, ""tol_buy_hi"": 0.004231907515693032, ""tol_buy_lo"": 0.005109038132116488, ""tol_sell_hi"": 0.012908745834258748, ""tol_sell_lo"": 0.0052926078787415036, ""trail_atr_mult"": 2.833062678275557, ""trend_ema_fast"": 32, ""trend_ema_slow"": 240}",61.5,40.76887536875695,13.533822154649734,-64.29134091952105,-64.65409863934137,342.30696645240977,1.7290062833554074,1.9991436908160736,4,1407.6887536875695
219,GridTradingStrategyV2Aggressive,"{""allow_bear_breakout_sell"": 0, ""atr_mult"": 1.0, ""breakout_slope_min"": 0.002113532685902537, ""breakout_window"": 20, ""buy_spacing_mult_bear"": 1.5699960681799845, ""center_lookback"": 38, ""cooldown_bars"": 6, ""fee_pct"": 0.0025, ""min_edge_pct"": 0.022149672955071753, ""min_step_pct"": 0.023639718276164075, ""min_strength"": 0.6612081669842412, ""no_sell_above_ema_fast_in_bull"": 1, ""num_grids"": 8, ""recenter_dwell_bars"": 3, ""recenter_threshold_pct"": 0.12404761857085592, ""sell_spacing_mult_bull"": 1.1176795628446312, ""side_when_bear"": 1, ""slippage_pct"": 0.01, ""strong_slope_min"": 0.006354911114232413, ""timeframe_minutes"": 60, ""tol_buy_hi"": 0.004325227681902103, ""tol_buy_lo"": 0.00668315793178027, ""tol_sell_hi"": 0.01, ""tol_sell_lo"": 0.004799833964790929, ""trail_atr_mult"": 2.4294556708024344, ""trend_ema_fast"": 65, ""trend_ema_slow"": 221}",61.5,37.33389430457854,13.533822154649734,-64.29134091952105,-64.65409863934137,297.2585714589632,1.664863182310746,1.961832864419373,6,1373.3389430457853
266,CompositeMomentumIndexStrategy,"{""roc_period"": 10, ""rsi_period"": 12, ""signal_threshold"": 0.09815914427536532, ""tsi_long"": 26, ""tsi_short"": 13}",61.5,46.86573493221029,13.533822154649734,-64.29134091952105,-57.10893400869155,431.85011864883404,1.9111581130674746,1.8075685762101075,3,1468.6573493221028
268,Strategy_62_RSIAvgs,"{""ma_periods"": [5, 10, 20], ""overbought"": 88, ""oversold"": 30, ""rsi_period"": 35, ""signal_threshold"": 0.28492961967804875}",61.5,33.31786227925995,13.533822154649734,-64.29134091952105,-57.108934008691556,249.16340816162003,1.5897426663868477,1.5954256187864653,2,1333.1786227925995
251,CompositeMomentumIndexStrategy,"{""roc_period"": 10, ""rsi_period"": 14, ""signal_threshold"": 0.7, ""tsi_long"": 28, ""tsi_short"": 13}",61.5,46.86573493221029,13.533822154649734,-64.29134091952105,-57.10893400869155,431.85011864883404,1.9111581130674746,1.8075685762101075,3,1468.6573493221028
271,CompositeMomentumIndexStrategy,"{""roc_period"": 11, ""rsi_period"": 10, ""signal_threshold"": 0.4349368239055723, ""tsi_long"": 17, ""tsi_short"": 19}",61.5,41.77849580202499,13.533822154649734,-64.29134091952105,-57.10893400869155,356.26706660313704,1.7814091517756128,1.7351430152085847,4,1417.7849580202499
86,CompositeMomentumIndexStrategy,"{""roc_period"": 14, ""rsi_period"": 14, ""signal_threshold"": 0.3556836641395367, ""tsi_long"": 30, ""tsi_short"": 8}",61.5,48.47404765514982,13.533822154649734,-64.29134091952105,-57.108934008691556,457.64283097987743,1.9463687793760953,1.8420596550830772,3,1484.7404765514982
174,GridTradingStrategyV2Aggressive,"{""allow_bear_breakout_sell"": 0, ""atr_mult"": 1.5480596533991466, ""breakout_slope_min"": 0.004096369215568109, ""breakout_window"": 23, ""buy_spacing_mult_bear"": 1.2, ""center_lookback"": 25, ""cooldown_bars"": 2, ""fee_pct"": 0.0025, ""min_edge_pct"": 0.02970293721426332, ""min_step_pct"": 0.03170158563887725, ""min_strength"": 0.48988266852985785, ""no_sell_above_ema_fast_in_bull"": 1, ""num_grids"": 13, ""recenter_dwell_bars"": 4, ""recenter_threshold_pct"": 0.21809772773470232, ""sell_spacing_mult_bull"": 1.723078547683718, ""side_when_bear"": 1, ""slippage_pct"": 0.01, ""strong_slope_min"": 0.001, ""timeframe_minutes"": 60, ""tol_buy_hi"": 0.015339532057204272, ""tol_buy_lo"": 0.016822559284768137, ""tol_sell_hi"": 0.010327997598237843, ""tol_sell_lo"": 0.00820915918023307, ""trail_atr_mult"": 3.06327577693929, ""trend_ema_fast"": 41, ""trend_ema_slow"": 332}",61.5,36.494621917594806,13.533822154649734,-64.29134091952105,-64.29134091952105,286.8100487777202,1.6491358148067023,1.94373575431285,6,1364.946219175948
246,CompositeMomentumIndexStrategy,"{""roc_period"": 18, ""rsi_period"": 9, ""signal_threshold"": 0.7, ""tsi_long"": 25, ""tsi_short"": 13}",61.5,41.93382015436708,13.533822154649734,-64.29134091952105,-57.10893400869155,358.44450392928906,1.7848292576572302,1.739307145880002,4,1419.338201543671
233,Strategy_62_RSIAvgs,"{""ma_periods"": [5, 10, 20], ""overbought"": 128, ""oversold"": 54, ""rsi_period"": 41, ""signal_threshold"": 0.5042948605250664}",61.5,30.61042792856492,13.533822154649734,-64.29134091952105,-57.87360978010503,219.36322415097197,1.5386210677201027,1.8318151137537286,1,1306.1042792856492
149,GridTradingStrategyV2Aggressive,"{""allow_bear_breakout_sell"": 0, ""atr_mult"": 1.2218445847911301, ""breakout_slope_min"": 0.0005, ""breakout_window"": 17, ""buy_spacing_mult_bear"": 1.082741084594486, ""center_lookback"": 20, ""cooldown_bars"": 2, ""fee_pct"": 0.0025, ""min_edge_pct"": 0.025887569224946044, ""min_step_pct"": 0.028978880882269655, ""min_strength"": 0.6807189692137527, ""no_sell_above_ema_fast_in_bull"": 0, ""num_grids"": 17, ""recenter_dwell_bars"": 6, ""recenter_threshold_pct"": 0.12, ""sell_spacing_mult_bull"": 1.3640432883847613, ""side_when_bear"": 2, ""slippage_pct"": 0.01, ""strong_slope_min"": 0.001, ""timeframe_minutes"": 60, ""tol_buy_hi"": 0.017851102863804147, ""tol_buy_lo"": 0.01080742135815992, ""tol_sell_hi"": 0.00756286737418406, ""tol_sell_lo"": 0.015815596346452604, ""trail_atr_mult"": 1.3735794523229727, ""trend_ema_fast"": 48, ""trend_ema_slow"": 131}",61.5,53.68746260107928,13.533822154649734,-64.29134091952105,-64.29134091952105,547.9256666872112,1.9606188513420884,2.2525595568277947,4,1536.8746260107928
193,Strategy_62_RSIAvgs,"{""ma_periods"": [5, 10, 20], ""overbought"": 136, ""oversold"": 59, ""rsi_period"": 30, ""signal_threshold"": 0.9583816680731186}",61.5,30.734479794742462,13.533822154649734,-64.29134091952105,-57.87360978010503,220.6842209009217,1.541017484750092,1.834534008506424,1,1307.3447979474247
196,CompositeMomentumIndexStrategy,"{""roc_period"": 20, ""rsi_period"": 14, ""signal_threshold"": 0.6276799186816303, ""tsi_long"": 23, ""tsi_short"": 13}",61.5,41.864079321086955,13.533822154649734,-64.29134091952105,-57.108934008691556,357.4658443082499,1.799925478273384,1.695946906695721,3,1418.6407932108696
66,CompositeMomentumIndexStrategy,"{""roc_period"": 10, ""rsi_period"": 14, ""signal_threshold"": 0.6534885709731971, ""tsi_long"": 25, ""tsi_short"": 15}",61.5,46.86573493221029,13.533822154649734,-64.29134091952105,-57.10893400869155,431.85011864883404,1.9111581130674746,1.8075685762101075,3,1468.6573493221028
154,GridTradingStrategyV2Aggressive,"{""allow_bear_breakout_sell"": 1, ""atr_mult"": 1.302377948297989, ""breakout_slope_min"": 0.004228247768102452, ""breakout_window"": 18, ""buy_spacing_mult_bear"": 1.092099159317049, ""center_lookback"": 20, ""cooldown_bars"": 6, ""fee_pct"": 0.0025, ""min_edge_pct"": 0.02, ""min_step_pct"": 0.038981724504595534, ""min_strength"": 0.5127086586150529, ""no_sell_above_ema_fast_in_bull"": 1, ""num_grids"": 15, ""recenter_dwell_bars"": 16, ""recenter_threshold_pct"": 0.11201755104300429, ""sell_spacing_mult_bull"": 1.1040956534752775, ""side_when_bear"": 1, ""slippage_pct"": 0.01, ""strong_slope_min"": 0.0074378442877413315, ""timeframe_minutes"": 60, ""tol_buy_hi"": 0.013942622432498776, ""tol_buy_lo"": 0.01, ""tol_sell_hi"": 0.017762489451103567, ""tol_sell_lo"": 0.01993209752029692, ""trail_atr_mult"": 2.149143492474819, ""trend_ema_fast"": 23, ""trend_ema_slow"": 114}",61.5,41.141336516425554,13.533822154649734,-64.29134091952105,-64.29134091952105,347.41816092550664,1.7353398856612727,2.0454116715936603,6,1411.4133651642555
198,Strategy_62_RSIAvgs,"{""ma_periods"": [5, 10, 20], ""overbought"": 76, ""oversold"": 27, ""rsi_period"": 46, ""signal_threshold"": 0.6}",61.5,48.74892151515575,13.533822154649734,-64.29134091952105,-57.108934008691556,462.14566316741485,1.9231745425634856,1.9275372942021998,2,1487.4892151515576
19,GridTradingStrategyV2Aggressive,"{""allow_bear_breakout_sell"": 0, ""atr_mult"": 1.3560734746304353, ""breakout_slope_min"": 0.0048697579168468655, ""breakout_window"": 20, ""buy_spacing_mult_bear"": 1.1959561036278805, ""center_lookback"": 24, ""cooldown_bars"": 6, ""fee_pct"": 0.0025, ""min_edge_pct"": 0.02679131613651167, ""min_step_pct"": 0.017854047821628735, ""min_strength"": 0.6648621413233625, ""no_sell_above_ema_fast_in_bull"": 1, ""num_grids"": 15, ""recenter_dwell_bars"": 8, ""recenter_threshold_pct"": 0.1777953677342345, ""sell_spacing_mult_bull"": 1.2847614678804113, ""side_when_bear"": 0, ""slippage_pct"": 0.01, ""strong_slope_min"": 0.001, ""timeframe_minutes"": 60, ""tol_buy_hi"": 0.007081121188371314, ""tol_buy_lo"": 0.008939483065471467, ""tol_sell_hi"": 0.008025490002653811, ""tol_sell_lo"": 0.010806200218087633, ""trail_atr_mult"": 2.0, ""trend_ema_fast"": 66, ""trend_ema_slow"": 120}",61.5,35.2606054869258,13.533822154649734,-64.29134091952105,-59.977932404122924,271.83294137766165,1.6261356898003607,1.9199488974396957,2,1352.606054869258
61,CompositeMomentumIndexStrategy,"{""roc_period"": 19, ""rsi_period"": 14, ""signal_threshold"": 0.7, ""tsi_long"": 40, ""tsi_short"": 9}",61.5,40.68044138953648,13.533822154649734,-64.29134091952105,-57.10893400869155,341.1000409677838,1.7729312742774734,1.6694767980331635,3,1406.8044138953649
6,CompositeMomentumIndexStrategy,"{""roc_period"": 6, ""rsi_period"": 7, ""signal_threshold"": 0.04918008616741049, ""tsi_long"": 25, ""tsi_short"": 20}",61.5,34.12240472796677,13.533822154649734,-64.29134091952105,-57.10893400869155,258.41840500008584,1.605346706939455,1.6629147803468856,4,1341.2240472796677
14,GridTradingStrategyV2Aggressive,"{""allow_bear_breakout_sell"": 0, ""atr_mult"": 1.7911330438715525, ""breakout_slope_min"": 0.0032628426365670276, ""breakout_window"": 47, ""buy_spacing_mult_bear"": 1.2, ""center_lookback"": 20, ""cooldown_bars"": 6, ""fee_pct"": 0.0025, ""min_edge_pct"": 0.02, ""min_step_pct"": 0.01270580604017747, ""min_strength"": 0.45090386124624954, ""no_sell_above_ema_fast_in_bull"": 1, ""num_grids"": 12, ""recenter_dwell_bars"": 10, ""recenter_threshold_pct"": 0.10190877839470791, ""sell_spacing_mult_bull"": 1.2409406766496653, ""side_when_bear"": 1, ""slippage_pct"": 0.01, ""strong_slope_min"": 0.004091783935465198, ""timeframe_minutes"": 60, ""tol_buy_hi"": 0.019882437818799566, ""tol_buy_lo"": 0.018809436186604914, ""tol_sell_hi"": 0.009934086512241213, ""tol_sell_lo"": 0.015459434625634797, ""trail_atr_mult"": 2.148810308016214, ""trend_ema_fast"": 52, ""trend_ema_slow"": 206}",61.5,45.93496969585411,13.533822154649734,-64.29134091952105,-61.38699992654204,417.3490276583957,1.8213906031101075,2.1482824259148665,6,1459.349696958541
4,GridTradingStrategyV2Aggressive,"{""allow_bear_breakout_sell"": 0, ""atr_mult"": 1.2404762373455758, ""breakout_slope_min"": 0.004590192644057135, ""breakout_window"": 56, ""buy_spacing_mult_bear"": 1.416190808640928, ""center_lookback"": 29, ""cooldown_bars"": 0, ""fee_pct"": 0.0025, ""min_edge_pct"": 0.014817778027855843, ""min_step_pct"": 0.014152002446745264, ""min_strength"": 0.55, ""no_sell_above_ema_fast_in_bull"": 1, ""num_grids"": 18, ""recenter_dwell_bars"": 13, ""recenter_threshold_pct"": 0.09023705707986919, ""sell_spacing_mult_bull"": 1.0836515096422454, ""side_when_bear"": 0, ""slippage_pct"": 0.01, ""strong_slope_min"": 0.008432710842083814, ""timeframe_minutes"": 60, ""tol_buy_hi"": 0.00800547227686221, ""tol_buy_lo"": 0.01, ""tol_sell_hi"": 0.008322604719902834, ""tol_sell_lo"": 0.013565035079504753, ""trail_atr_mult"": 2.0, ""trend_ema_fast"": 63, ""trend_ema_slow"": 340}",61.5,43.52165471240386,13.533822154649734,-64.29134091952105,-62.214241610296824,381.165920821215,1.778289571380838,2.1017766259138613,6,1435.2165471240385
221,CompositeMomentumIndexStrategy,"{""roc_period"": 17, ""rsi_period"": 17, ""signal_threshold"": 0.7, ""tsi_long"": 25, ""tsi_short"": 19}",61.5,40.68044138953648,13.533822154649734,-64.29134091952105,-57.10893400869155,341.1000409677838,1.7729312742774734,1.6694767980331635,3,1406.8044138953649
226,CompositeMomentumIndexStrategy,"{""roc_period"": 8, ""rsi_period"": 9, ""signal_threshold"": 0.44494534806088015, ""tsi_long"": 25, ""tsi_short"": 17}",61.5,41.77849580202499,13.533822154649734,-64.29134091952105,-57.10893400869155,356.26706660313704,1.7814091517756128,1.7351430152085847,4,1417.7849580202499
184,GridTradingStrategyV2Aggressive,"{""allow_bear_breakout_sell"": 0, ""atr_mult"": 1.0, ""breakout_slope_min"": 0.004336312299396903, ""breakout_window"": 10, ""buy_spacing_mult_bear"": 1.3460544853232992, ""center_lookback"": 23, ""cooldown_bars"": 2, ""fee_pct"": 0.0025, ""min_edge_pct"": 0.010428677865068497, ""min_step_pct"": 0.02, ""min_strength"": 0.6634088867246467, ""no_sell_above_ema_fast_in_bull"": 0, ""num_grids"": 17, ""recenter_dwell_bars"": 11, ""recenter_threshold_pct"": 0.21942718876759698, ""sell_spacing_mult_bull"": 1.676980996210089, ""side_when_bear"": 2, ""slippage_pct"": 0.01, ""strong_slope_min"": 0.0018772337127081465, ""timeframe_minutes"": 60, ""tol_buy_hi"": 0.005, ""tol_buy_lo"": 0.011971983589585487, ""tol_sell_hi"": 0.006278801300213804, ""tol_sell_lo"": 0.01392310693407801, ""trail_atr_mult"": 1.639163472034265, ""trend_ema_fast"": 69, ""trend_ema_slow"": 224}",61.5,30.65304318206845,13.533822154649734,-64.29134091952105,-64.6821760108836,219.8165497496435,1.5344064027696205,1.7685563392942727,5,1306.5304318206845
231,CompositeMomentumIndexStrategy,"{""roc_period"": 10, ""rsi_period"": 14, ""signal_threshold"": 0.5798631744787944, ""tsi_long"": 25, ""tsi_short"": 13}",61.5,46.86573493221029,13.533822154649734,-64.29134091952105,-57.10893400869155,431.85011864883404,1.9111581130674746,1.8075685762101075,3,1468.6573493221028
234,GridTradingStrategyV2Aggressive,"{""allow_bear_breakout_sell"": 1, ""atr_mult"": 1.4880010722462753, ""breakout_slope_min"": 0.0005, ""breakout_window"": 61, ""buy_spacing_mult_bear"": 1.7022887216460676, ""center_lookback"": 20, ""cooldown_bars"": 5, ""fee_pct"": 0.0025, ""min_edge_pct"": 0.017085424579399777, ""min_step_pct"": 0.03419028849707688, ""min_strength"": 0.6846117520337867, ""no_sell_above_ema_fast_in_bull"": 1, ""num_grids"": 19, ""recenter_dwell_bars"": 13, ""recenter_threshold_pct"": 0.11687478330163803, ""sell_spacing_mult_bull"": 1.1821730814732931, ""side_when_bear"": 2, ""slippage_pct"": 0.01, ""strong_slope_min"": 0.001, ""timeframe_minutes"": 60, ""tol_buy_hi"": 0.005, ""tol_buy_lo"": 0.005408164876273962, ""tol_sell_hi"": 0.014070265612028114, ""tol_sell_lo"": 0.0063444054969853956, ""trail_atr_mult"": 2.860445213751766, ""trend_ema_fast"": 45, ""trend_ema_slow"": 200}",61.5,48.96956270213406,13.533822154649734,-64.29134091952105,-64.29134091952105,465.7802986379756,1.8783445621490595,2.154222772832461,4,1489.6956270213407
301,CompositeMomentumIndexStrategy,"{""roc_period"": 15, ""rsi_period"": 14, ""signal_threshold"": 0.9454245332998867, ""tsi_long"": 25, ""tsi_short"": 15}",61.5,41.864079321086955,13.533822154649734,-64.29134091952105,-57.108934008691556,357.4658443082499,1.799925478273384,1.695946906695721,3,1418.6407932108696
286,CompositeMomentumIndexStrategy,"{""roc_period"": 8, ""rsi_period"": 14, ""signal_threshold"": 0.12471103728954602, ""tsi_long"": 25, ""tsi_short"": 13}",61.5,46.86573493221029,13.533822154649734,-64.29134091952105,-57.10893400869155,431.85011864883404,1.9111581130674746,1.8075685762101075,3,1468.6573493221028
353,Strategy_62_RSIAvgs,"{""ma_periods"": [5, 10, 20], ""overbought"": 100, ""oversold"": 58, ""rsi_period"": 33, ""signal_threshold"": 0.688589478743276}",61.5,30.734479794742462,13.533822154649734,-64.29134091952105,-57.87360978010503,220.6842209009217,1.541017484750092,1.834534008506424,1,1307.3447979474247
361,CompositeMomentumIndexStrategy,"{""roc_period"": 18, ""rsi_period"": 15, ""signal_threshold"": 0.5307923332097488, ""tsi_long"": 15, ""tsi_short"": 11}",61.5,41.864079321086955,13.533822154649734,-64.29134091952105,-57.108934008691556,357.4658443082499,1.799925478273384,1.695946906695721,3,1418.6407932108696
319,GridTradingStrategyV2Aggressive,"{""allow_bear_breakout_sell"": 1, ""atr_mult"": 0.6584308029035105, ""breakout_slope_min"": 0.0045549118355597855, ""breakout_window"": 35, ""buy_spacing_mult_bear"": 1.4700897759679266, ""center_lookback"": 20, ""cooldown_bars"": 0, ""fee_pct"": 0.0025, ""min_edge_pct"": 0.02, ""min_step_pct"": 0.021518297487612595, ""min_strength"": 0.5089599914258248, ""no_sell_above_ema_fast_in_bull"": 1, ""num_grids"": 11, ""recenter_dwell_bars"": 16, ""recenter_threshold_pct"": 0.12, ""sell_spacing_mult_bull"": 1.4559146949057136, ""side_when_bear"": 2, ""slippage_pct"": 0.01, ""strong_slope_min"": 0.001, ""timeframe_minutes"": 60, ""tol_buy_hi"": 0.01934832529167424, ""tol_buy_lo"": 0.011365723135850778, ""tol_sell_hi"": 0.01, ""tol_sell_lo"": 0.01610901966678688, ""trail_atr_mult"": 1.3143508302364353, ""trend_ema_fast"": 50, ""trend_ema_slow"": 254}",61.5,33.33272292274674,13.533822154649734,-64.29134091952105,-64.29134091952105,249.33267034693182,1.5873939397291306,1.8304035809412227,5,1333.3272292274673
366,CompositeMomentumIndexStrategy,"{""roc_period"": 14, ""rsi_period"": 14, ""signal_threshold"": 0.7235390382055075, ""tsi_long"": 25, ""tsi_short"": 16}",61.5,46.43222372207458,13.533822154649734,-64.29134091952105,-57.10893400869155,425.0577124430347,1.902003037804091,1.7985990606243032,3,1464.3222372207458
324,GridTradingStrategyV2Aggressive,"{""allow_bear_breakout_sell"": 0, ""atr_mult"": 0.757176540252052, ""breakout_slope_min"": 0.0012595810243858595, ""breakout_window"": 77, ""buy_spacing_mult_bear"": 1.7198926510828574, ""center_lookback"": 20, ""cooldown_bars"": 0, ""fee_pct"": 0.0025, ""min_edge_pct"": 0.02, ""min_step_pct"": 0.029509756517702934, ""min_strength"": 0.55, ""no_sell_above_ema_fast_in_bull"": 0, ""num_grids"": 10, ""recenter_dwell_bars"": 9, ""recenter_threshold_pct"": 0.09842419372828402, ""sell_spacing_mult_bull"": 1.147337660324418, ""side_when_bear"": 2, ""slippage_pct"": 0.01, ""strong_slope_min"": 0.001, ""timeframe_minutes"": 60, ""tol_buy_hi"": 0.015406169602842244, ""tol_buy_lo"": 0.010014151287904904, ""tol_sell_hi"": 0.012792485714707546, ""tol_sell_lo"": 0.01541865127550478, ""trail_atr_mult"": 2.0, ""trend_ema_fast"": 54, ""trend_ema_slow"": 165}",61.5,47.48077507366515,13.533822154649734,-64.29134091952105,-64.40172219872676,441.6026441962597,1.8520464793935718,2.1250683369690453,4,1474.8077507366515
329,GridTradingStrategyV2Aggressive,"{""allow_bear_breakout_sell"": 1, ""atr_mult"": 1.1026299852471146, ""breakout_slope_min"": 0.0024031229693852033, ""breakout_window"": 18, ""buy_spacing_mult_bear"": 1.716981387320934, ""center_lookback"": 16, ""cooldown_bars"": 3, ""fee_pct"": 0.0025, ""min_edge_pct"": 0.02094870544571767, ""min_step_pct"": 0.028005036280928715, ""min_strength"": 0.5258858649218016, ""no_sell_above_ema_fast_in_bull"": 1, ""num_grids"": 13, ""recenter_dwell_bars"": 12, ""recenter_threshold_pct"": 0.12, ""sell_spacing_mult_bull"": 1.4059889601682711, ""side_when_bear"": 1, ""slippage_pct"": 0.01, ""strong_slope_min"": 0.0011750875735620594, ""timeframe_minutes"": 60, ""tol_buy_hi"": 0.014127181376172578, ""tol_buy_lo"": 0.007748370659469496, ""tol_sell_hi"": 0.01, ""tol_sell_lo"": 0.018475887984946017, ""trail_atr_mult"": 2.669760293974976, ""trend_ema_fast"": 62, ""trend_ema_slow"": 200}",61.5,49.57161260742187,13.533822154649734,-64.29134091952105,-63.16702237478934,475.79000367041886,1.8858777172531578,2.211498388438917,6,1495.7161260742187
334,GridTradingStrategyV2Aggressive,"{""allow_bear_breakout_sell"": 0, ""atr_mult"": 0.9989740024698666, ""breakout_slope_min"": 0.0005, ""breakout_window"": 75, ""buy_spacing_mult_bear"": 1.797510388450392, ""center_lookback"": 20, ""cooldown_bars"": 2, ""fee_pct"": 0.0025, ""min_edge_pct"": 0.016466672215498454, ""min_step_pct"": 0.03196364415165122, ""min_strength"": 0.55, ""no_sell_above_ema_fast_in_bull"": 0, ""num_grids"": 7, ""recenter_dwell_bars"": 11, ""recenter_threshold_pct"": 0.1946938111924381, ""sell_spacing_mult_bull"": 1.3488192854935224, ""side_when_bear"": 2, ""slippage_pct"": 0.01, ""strong_slope_min"": 0.00270116731463836, ""timeframe_minutes"": 60, ""tol_buy_hi"": 0.011498853951254539, ""tol_buy_lo"": 0.01, ""tol_sell_hi"": 0.010099749999379144, ""tol_sell_lo"": 0.013770982997002313, ""trail_atr_mult"": 2.7054418264239835, ""trend_ema_fast"": 50, ""trend_ema_slow"": 200}",61.5,43.36608313898982,13.533822154649734,-64.29134091952105,-64.41153063528691,378.90221255972625,1.7776452599996049,2.041255897377284,4,1433.6608313898982
339,GridTradingStrategyV2Aggressive,"{""allow_bear_breakout_sell"": 1, ""atr_mult"": 0.7281063187193674, ""breakout_slope_min"": 0.0012649201090947405, ""breakout_window"": 11, ""buy_spacing_mult_bear"": 1.43264605117023, ""center_lookback"": 23, ""cooldown_bars"": 2, ""fee_pct"": 0.0025, ""min_edge_pct"": 0.01897237594139093, ""min_step_pct"": 0.020800313691337877, ""min_strength"": 0.7836660466323305, ""no_sell_above_ema_fast_in_bull"": 1, ""num_grids"": 10, ""recenter_dwell_bars"": 15, ""recenter_threshold_pct"": 0.24679546851856476, ""sell_spacing_mult_bull"": 1.284402401283468, ""side_when_bear"": 0, ""slippage_pct"": 0.01, ""strong_slope_min"": 0.000653219825373398, ""timeframe_minutes"": 60, ""tol_buy_hi"": 0.005, ""tol_buy_lo"": 0.011099086155605814, ""tol_sell_hi"": 0.015675862243513108, ""tol_sell_lo"": 0.010226427405808824, ""trail_atr_mult"": 2.0, ""trend_ema_fast"": 20, ""trend_ema_slow"": 200}",61.5,52.31896351504071,13.533822154649734,-64.29134091952105,-64.29134091952105,523.2109709871645,1.9335089749326995,2.2686165265161637,5,1523.189635150407
381,CompositeMomentumIndexStrategy,"{""roc_period"": 13, ""rsi_period"": 14, ""signal_threshold"": 0.2616600429141305, ""tsi_long"": 31, ""tsi_short"": 19}",61.5,46.86573493221029,13.533822154649734,-64.29134091952105,-57.10893400869155,431.85011864883404,1.9111581130674746,1.8075685762101075,3,1468.6573493221028
386,CompositeMomentumIndexStrategy,"{""roc_period"": 13, ""rsi_period"": 9, ""signal_threshold"": 0.7, ""tsi_long"": 29, ""tsi_short"": 5}",61.5,49.40434305323835,13.533822154649734,-64.29134091952105,-57.10893400869155,472.9954037603556,1.9161029474251596,2.0131467348610257,5,1494.0434305323836
391,CompositeMomentumIndexStrategy,"{""roc_period"": 10, ""rsi_period"": 14, ""signal_threshold"": 0.9253387737416684, ""tsi_long"": 23, ""tsi_short"": 13}",61.5,46.86573493221029,13.533822154649734,-64.29134091952105,-57.10893400869155,431.85011864883404,1.9111581130674746,1.8075685762101075,3,1468.6573493221028
354,GridTradingStrategyV2Aggressive,"{""allow_bear_breakout_sell"": 0, ""atr_mult"": 1.3357430236696266, ""breakout_slope_min"": 0.004412244970093392, ""breakout_window"": 11, ""buy_spacing_mult_bear"": 1.2, ""center_lookback"": 16, ""cooldown_bars"": 2, ""fee_pct"": 0.0025, ""min_edge_pct"": 0.020507168785581245, ""min_step_pct"": 0.03470593507745001, ""min_strength"": 0.55, ""no_sell_above_ema_fast_in_bull"": 0, ""num_grids"": 15, ""recenter_dwell_bars"": 16, ""recenter_threshold_pct"": 0.24596895628760596, ""sell_spacing_mult_bull"": 1.2321573425784245, ""side_when_bear"": 2, ""slippage_pct"": 0.01, ""strong_slope_min"": 0.001, ""timeframe_minutes"": 60, ""tol_buy_hi"": 0.005, ""tol_buy_lo"": 0.01, ""tol_sell_hi"": 0.013858451720930486, ""tol_sell_lo"": 0.005, ""trail_atr_mult"": 1.8267068355422291, ""trend_ema_fast"": 50, ""trend_ema_slow"": 215}",61.5,55.5268503622713,13.533822154649734,-64.29134091952105,-64.29134091952105,582.3255168122257,1.9909342576234876,2.2882168309470674,5,1555.268503622713
359,GridTradingStrategyV2Aggressive,"{""allow_bear_breakout_sell"": 1, ""atr_mult"": 1.5276923941730827, ""breakout_slope_min"": 0.0005, ""breakout_window"": 53, ""buy_spacing_mult_bear"": 1.2, ""center_lookback"": 33, ""cooldown_bars"": 3, ""fee_pct"": 0.0025, ""min_edge_pct"": 0.025769305929142255, ""min_step_pct"": 0.037622514136779195, ""min_strength"": 0.6369692031488445, ""no_sell_above_ema_fast_in_bull"": 1, ""num_grids"": 15, ""recenter_dwell_bars"": 12, ""recenter_threshold_pct"": 0.11087193436654272, ""sell_spacing_mult_bull"": 1.62420830177484, ""side_when_bear"": 0, ""slippage_pct"": 0.01, ""strong_slope_min"": 0.00355923816542306, ""timeframe_minutes"": 60, ""tol_buy_hi"": 0.01041643752165015, ""tol_buy_lo"": 0.01303694265719003, ""tol_sell_hi"": 0.014709189923910203, ""tol_sell_lo"": 0.01472864990547829, ""trail_atr_mult"": 2.515201949337592, ""trend_ema_fast"": 57, ""trend_ema_slow"": 230}",61.5,43.16353030283058,13.533822154649734,-64.29134091952105,-64.29134091952105,375.967183545562,1.7719878630041335,2.0828223794101053,6,1431.6353030283058
384,GridTradingStrategyV2Aggressive,"{""allow_bear_breakout_sell"": 0, ""atr_mult"": 1.4980223117940508, ""breakout_slope_min"": 0.0005, ""breakout_window"": 20, ""buy_spacing_mult_bear"": 1.661287719994189, ""center_lookback"": 35, ""cooldown_bars"": 0, ""fee_pct"": 0.0025, ""min_edge_pct"": 0.02, ""min_step_pct"": 0.024363497660025383, ""min_strength"": 0.46604138308298815, ""no_sell_above_ema_fast_in_bull"": 0, ""num_grids"": 20, ""recenter_dwell_bars"": 13, ""recenter_threshold_pct"": 0.1713274627651213, ""sell_spacing_mult_bull"": 1.3, ""side_when_bear"": 1, ""slippage_pct"": 0.01, ""strong_slope_min"": 0.0021465128803330276, ""timeframe_minutes"": 60, ""tol_buy_hi"": 0.003056068872516248, ""tol_buy_lo"": 0.013566312923768187, ""tol_sell_hi"": 0.012103075060987584, ""tol_sell_lo"": 0.004015928536646639, ""trail_atr_mult"": 2.0, ""trend_ema_fast"": 25, ""trend_ema_slow"": 303}",61.5,42.350474723092816,13.533822154649734,-64.29134091952105,-64.29134091952105,364.32497120151737,1.7573178492740773,2.071439085417514,6,1423.5047472309282
11,CompositeMomentumIndexStrategy,"{""roc_period"": 14, ""rsi_period"": 9, ""signal_threshold"": 0.8950960788515745, ""tsi_long"": 25, ""tsi_short"": 6}",61.5,51.04118252950109,13.533822154649734,-64.29134091952105,-57.10893400869155,500.796074736667,1.947832001199904,2.047558203699415,5,1510.4118252950109
394,GridTradingStrategyV2Aggressive,"{""allow_bear_breakout_sell"": 1, ""atr_mult"": 0.9073328918758595, ""breakout_slope_min"": 0.001393026193290525, ""breakout_window"": 25, ""buy_spacing_mult_bear"": 1.6459927721965695, ""center_lookback"": 30, ""cooldown_bars"": 2, ""fee_pct"": 0.0025, ""min_edge_pct"": 0.01690816642453037, ""min_step_pct"": 0.03485635305213053, ""min_strength"": 0.499199372976212, ""no_sell_above_ema_fast_in_bull"": 1, ""num_grids"": 13, ""recenter_dwell_bars"": 14, ""recenter_threshold_pct"": 0.13161528132063988, ""sell_spacing_mult_bull"": 1.3, ""side_when_bear"": 1, ""slippage_pct"": 0.01, ""strong_slope_min"": 0.001, ""timeframe_minutes"": 60, ""tol_buy_hi"": 0.014997567314928614, ""tol_buy_lo"": 0.005541195160869173, ""tol_sell_hi"": 0.0197322056261268, ""tol_sell_lo"": 0.005, ""trail_atr_mult"": 2.0, ""trend_ema_fast"": 27, ""trend_ema_slow"": 291}",61.5,48.04803061223344,13.533822154649734,-64.29134091952105,-64.41155044744002,450.7189905473128,1.8583181152221222,2.1884813943696146,5,1480.4803061223345
356,CompositeMomentumIndexStrategy,"{""roc_period"": 10, ""rsi_period"": 9, ""signal_threshold"": 0.3322202128542268, ""tsi_long"": 40, ""tsi_short"": 13}",61.5,41.77849580202499,13.533822154649734,-64.29134091952105,-57.10893400869155,356.26706660313704,1.7814091517756128,1.7351430152085847,4,1417.7849580202499
304,GridTradingStrategyV2Aggressive,"{""allow_bear_breakout_sell"": 1, ""atr_mult"": 1.2916838960739687, ""breakout_slope_min"": 0.0005, ""breakout_window"": 17, ""buy_spacing_mult_bear"": 1.693881584283579, ""center_lookback"": 20, ""cooldown_bars"": 1, ""fee_pct"": 0.0025, ""min_edge_pct"": 0.020579422247143552, ""min_step_pct"": 0.02, ""min_strength"": 0.5967685492623898, ""no_sell_above_ema_fast_in_bull"": 0, ""num_grids"": 8, ""recenter_dwell_bars"": 3, ""recenter_threshold_pct"": 0.16029721842580757, ""sell_spacing_mult_bull"": 1.5028468340206271, ""side_when_bear"": 1, ""slippage_pct"": 0.01, ""strong_slope_min"": 0.001, ""timeframe_minutes"": 60, ""tol_buy_hi"": 0.013838177608666341, ""tol_buy_lo"": 0.014993006669152452, ""tol_sell_hi"": 0.009449581915521239, ""tol_sell_lo"": 0.013996317114254664, ""trail_atr_mult"": 1.6483114212944738, ""trend_ema_fast"": 34, ""trend_ema_slow"": 122}",61.5,36.54744453604526,13.533822154649734,-64.29134091952105,-59.977932404122924,287.46135374552074,1.6508261441293621,1.9600475952908152,2,1365.4744453604526
239,GridTradingStrategyV2Aggressive,"{""allow_bear_breakout_sell"": 1, ""atr_mult"": 1.168482272940249, ""breakout_slope_min"": 0.00391086193991589, ""breakout_window"": 56, ""buy_spacing_mult_bear"": 1.0653765974265734, ""center_lookback"": 19, ""cooldown_bars"": 2, ""fee_pct"": 0.0025, ""min_edge_pct"": 0.016051885440935724, ""min_step_pct"": 0.028157285519115397, ""min_strength"": 0.7893636065105758, ""no_sell_above_ema_fast_in_bull"": 0, ""num_grids"": 17, ""recenter_dwell_bars"": 14, ""recenter_threshold_pct"": 0.11010283366660688, ""sell_spacing_mult_bull"": 1.4581176946251884, ""side_when_bear"": 1, ""slippage_pct"": 0.01, ""strong_slope_min"": 0.0009731847249205379, ""timeframe_minutes"": 60, ""tol_buy_hi"": 0.005, ""tol_buy_lo"": 0.008153833571054382, ""tol_sell_hi"": 0.009591939992074349, ""tol_sell_lo"": 0.0024436991575707287, ""trail_atr_mult"": 2.0206652595017993, ""trend_ema_fast"": 72, ""trend_ema_slow"": 235}",61.5,56.28276212271979,13.533822154649734,-64.29134091952105,-64.41153063528691,596.8630568617355,1.9994701809159823,2.3493349329191187,6,1562.8276212271978
351,CompositeMomentumIndexStrategy,"{""roc_period"": 15, ""rsi_period"": 14, ""signal_threshold"": 0.7081026627425882, ""tsi_long"": 27, ""tsi_short"": 9}",61.5,41.864079321086955,13.533822154649734,-64.29134091952105,-57.108934008691556,357.4658443082499,1.799925478273384,1.695946906695721,3,1418.6407932108696
291,CompositeMomentumIndexStrategy,"{""roc_period"": 19, ""rsi_period"": 14, ""signal_threshold"": 0.9237323257573119, ""tsi_long"": 37, ""tsi_short"": 15}",61.5,40.68044138953648,13.533822154649734,-64.29134091952105,-57.10893400869155,341.1000409677838,1.7729312742774734,1.6694767980331635,3,1406.8044138953649
249,GridTradingStrategyV2Aggressive,"{""allow_bear_breakout_sell"": 1, ""atr_mult"": 1.0677045912975074, ""breakout_slope_min"": 0.0025470993929451943, ""breakout_window"": 14, ""buy_spacing_mult_bear"": 1.735743513309119, ""center_lookback"": 20, ""cooldown_bars"": 2, ""fee_pct"": 0.0025, ""min_edge_pct"": 0.020394370405841175, ""min_step_pct"": 0.03565351816967346, ""min_strength"": 0.7112357062778512, ""no_sell_above_ema_fast_in_bull"": 1, ""num_grids"": 15, ""recenter_dwell_bars"": 9, ""recenter_threshold_pct"": 0.228381575201624, ""sell_spacing_mult_bull"": 1.422472130738119, ""side_when_bear"": 1, ""slippage_pct"": 0.01, ""strong_slope_min"": 0.008726525666285926, ""timeframe_minutes"": 60, ""tol_buy_hi"": 0.01017893247015208, ""tol_buy_lo"": 0.01, ""tol_sell_hi"": 0.01, ""tol_sell_lo"": 0.005, ""trail_atr_mult"": 1.4428183236469079, ""trend_ema_fast"": 78, ""trend_ema_slow"": 296}",61.5,51.090997139516794,13.533822154649734,-64.29134091952105,-64.41155044744002,501.65811812778725,1.9111471520753422,2.2497654657260604,6,1510.909971395168
254,GridTradingStrategyV2Aggressive,"{""allow_bear_breakout_sell"": 0, ""atr_mult"": 1.458862371544952, ""breakout_slope_min"": 0.0031132638332666916, ""breakout_window"": 58, ""buy_spacing_mult_bear"": 1.441886267752719, ""center_lookback"": 20, ""cooldown_bars"": 4, ""fee_pct"": 0.0025, ""min_edge_pct"": 0.01658872872498192, ""min_step_pct"": 0.02, ""min_strength"": 0.6853735955949235, ""no_sell_above_ema_fast_in_bull"": 1, ""num_grids"": 11, ""recenter_dwell_bars"": 16, ""recenter_threshold_pct"": 0.12, ""sell_spacing_mult_bull"": 1.5967762088511464, ""side_when_bear"": 2, ""slippage_pct"": 0.01, ""strong_slope_min"": 0.009310994513107367, ""timeframe_minutes"": 60, ""tol_buy_hi"": 0.005, ""tol_buy_lo"": 0.007591802351109738, ""tol_sell_hi"": 0.007026122815784923, ""tol_sell_lo"": 0.007033255656365597, ""trail_atr_mult"": 2.0, ""trend_ema_fast"": 39, ""trend_ema_slow"": 221}",61.5,44.56842414003024,13.533822154649734,-64.29134091952105,-64.29134091952105,396.6124113036243,1.7988929688644324,2.07376516027353,5,1445.6842414003024
191,CompositeMomentumIndexStrategy,"{""roc_period"": 14, ""rsi_period"": 14, ""signal_threshold"": 0.8745393306185838, ""tsi_long"": 27, ""tsi_short"": 16}",61.5,46.43222372207458,13.533822154649734,-64.29134091952105,-57.10893400869155,425.0577124430347,1.902003037804091,1.7985990606243032,3,1464.3222372207458
306,CompositeMomentumIndexStrategy,"{""roc_period"": 15, ""rsi_period"": 14, ""signal_threshold"": 0.7, ""tsi_long"": 39, ""tsi_short"": 13}",61.5,40.68044138953648,13.533822154649734,-64.29134091952105,-57.10893400869155,341.1000409677838,1.7729312742774734,1.6694767980331635,3,1406.8044138953649
269,GridTradingStrategyV2Aggressive,"{""allow_bear_breakout_sell"": 1, ""atr_mult"": 0.8784454127745089, ""breakout_slope_min"": 0.0014942904189222067, ""breakout_window"": 20, ""buy_spacing_mult_bear"": 1.3133477861971463, ""center_lookback"": 20, ""cooldown_bars"": 0, ""fee_pct"": 0.0025, ""min_edge_pct"": 0.013846589288885757, ""min_step_pct"": 0.013839518221403738, ""min_strength"": 0.6866950190546272, ""no_sell_above_ema_fast_in_bull"": 1, ""num_grids"": 18, ""recenter_dwell_bars"": 10, ""recenter_threshold_pct"": 0.23786868526979255, ""sell_spacing_mult_bull"": 1.385795943455598, ""side_when_bear"": 1, ""slippage_pct"": 0.01, ""strong_slope_min"": 0.006909288536111594, ""timeframe_minutes"": 60, ""tol_buy_hi"": 0.01954674606022213, ""tol_buy_lo"": 0.01, ""tol_sell_hi"": 0.01, ""tol_sell_lo"": 0.0034488787229768223, ""trail_atr_mult"": 2.0, ""trend_ema_fast"": 35, ""trend_ema_slow"": 323}",61.5,30.8098349407961,13.533822154649734,-64.29134091952105,-59.977932404122924,221.48871028421064,1.541456353979474,1.8294144238300347,2,1308.098349407961
36,CompositeMomentumIndexStrategy,"{""roc_period"": 5, ""rsi_period"": 13, ""signal_threshold"": 0.0933938987716449, ""tsi_long"": 25, ""tsi_short"": 15}",61.5,44.261662905878026,13.533822154649734,-64.29134091952105,-57.108934008691556,392.04676119089197,1.8538358172941887,1.7521739387631845,3,1442.6166290587803
317,CSMARevertStrategy,"{""entry_drop"": 0.0038394748794317035, ""exit_up"": 0.6749743954827819, ""n_sma"": 576, ""rsi_max"": 39.61195563015658, ""rsi_period"": 14, ""timeframe_minutes"": 5}",61.5,38.509168902108314,13.533822154649734,-64.29134091952105,-57.87360978010503,312.25385402727886,1.6871928272222863,2.008322873609318,1,1385.091689021083
321,CompositeMomentumIndexStrategy,"{""roc_period"": 20, ""rsi_period"": 16, ""signal_threshold"": 0.0013966049162060456, ""tsi_long"": 25, ""tsi_short"": 12}",61.5,41.90219274082014,13.533822154649734,-64.29134091952105,-57.108934008691556,358.0004829885228,1.800780488350804,1.6966923617743221,3,1419.0219274082015
279,GridTradingStrategyV2Aggressive,"{""allow_bear_breakout_sell"": 1, ""atr_mult"": 1.407944694994148, ""breakout_slope_min"": 0.0009479543630273231, ""breakout_window"": 28, ""buy_spacing_mult_bear"": 1.1185500401134458, ""center_lookback"": 29, ""cooldown_bars"": 2, ""fee_pct"": 0.0025, ""min_edge_pct"": 0.015054406309989412, ""min_step_pct"": 0.036238439342375264, ""min_strength"": 0.5402631445038342, ""no_sell_above_ema_fast_in_bull"": 0, ""num_grids"": 14, ""recenter_dwell_bars"": 12, ""recenter_threshold_pct"": 0.12, ""sell_spacing_mult_bull"": 1.097210675393307, ""side_when_bear"": 1, ""slippage_pct"": 0.01, ""strong_slope_min"": 0.001, ""timeframe_minutes"": 60, ""tol_buy_hi"": 0.01767752014663864, ""tol_buy_lo"": 0.01943414251913781, ""tol_sell_hi"": 0.005044920313813293, ""tol_sell_lo"": 0.0049999829935542875, ""trail_atr_mult"": 1.3242646587197533, ""trend_ema_fast"": 50, ""trend_ema_slow"": 318}",61.5,35.78117824329101,13.533822154649734,-64.29134091952105,-64.29134091952105,278.0955662078792,1.6358670154852013,1.9305545063460052,5,1357.8117824329101
326,CompositeMomentumIndexStrategy,"{""roc_period"": 10, ""rsi_period"": 13, ""signal_threshold"": 0.734161554292512, ""tsi_long"": 22, ""tsi_short"": 19}",61.5,46.86573493221029,13.533822154649734,-64.29134091952105,-57.10893400869155,431.85011864883404,1.9111581130674746,1.8075685762101075,3,1468.6573493221028
284,GridTradingStrategyV2Aggressive,"{""allow_bear_breakout_sell"": 0, ""atr_mult"": 1.7146210017545997, ""breakout_slope_min"": 0.0040695083480402384, ""breakout_window"": 61, ""buy_spacing_mult_bear"": 1.096902017319093, ""center_lookback"": 36, ""cooldown_bars"": 2, ""fee_pct"": 0.0025, ""min_edge_pct"": 0.02, ""min_step_pct"": 0.03685173266486591, ""min_strength"": 0.7337239392540721, ""no_sell_above_ema_fast_in_bull"": 0, ""num_grids"": 10, ""recenter_dwell_bars"": 13, ""recenter_threshold_pct"": 0.11725831856101167, ""sell_spacing_mult_bull"": 1.5404550332691889, ""side_when_bear"": 2, ""slippage_pct"": 0.01, ""strong_slope_min"": 0.007994943403840047, ""timeframe_minutes"": 60, ""tol_buy_hi"": 0.0053792611271791845, ""tol_buy_lo"": 0.01, ""tol_sell_hi"": 0.006641931570147029, ""tol_sell_lo"": 0.007214145913887033, ""trail_atr_mult"": 1.861082093040574, ""trend_ema_fast"": 25, ""trend_ema_slow"": 210}",61.5,43.05820017068507,13.533822154649734,-64.29134091952105,-64.29676813087113,374.44641464909773,1.7710753835459676,2.047310317860581,3,1430.5820017068506
333,Strategy_62_RSIAvgs,"{""ma_periods"": [5, 10, 20], ""overbought"": 117, ""oversold"": 58, ""rsi_period"": 32, ""signal_threshold"": 0.6}",61.5,30.734479794742462,13.533822154649734,-64.29134091952105,-57.87360978010503,220.6842209009217,1.541017484750092,1.834534008506424,1,1307.3447979474247
341,CompositeMomentumIndexStrategy,"{""roc_period"": 9, ""rsi_period"": 11, ""signal_threshold"": 0.16295411801764342, ""tsi_long"": 40, ""tsi_short"": 13}",61.5,38.34814600285479,13.533822154649734,-64.29134091952105,-57.10893400869155,310.17401613230516,1.7257900532535226,1.604342202052697,3,1383.4814600285479
346,CompositeMomentumIndexStrategy,"{""roc_period"": 20, ""rsi_period"": 11, ""signal_threshold"": 0.8678386401530372, ""tsi_long"": 37, ""tsi_short"": 7}",61.5,47.001788349870765,13.533822154649734,-64.29134091952105,-57.108934008691556,433.9957376854307,1.8951172135972087,1.815115976279034,3,1470.0178834987078
24,GridTradingStrategyV2Aggressive,"{""allow_bear_breakout_sell"": 1, ""atr_mult"": 1.0, ""breakout_slope_min"": 0.003036875004517633, ""breakout_window"": 32, ""buy_spacing_mult_bear"": 1.2, ""center_lookback"": 14, ""cooldown_bars"": 1, ""fee_pct"": 0.0025, ""min_edge_pct"": 0.026550233209532887, ""min_step_pct"": 0.02940617735945161, ""min_strength"": 0.55, ""no_sell_above_ema_fast_in_bull"": 0, ""num_grids"": 15, ""recenter_dwell_bars"": 6, ""recenter_threshold_pct"": 0.1709184454365817, ""sell_spacing_mult_bull"": 1.5273431199101455, ""side_when_bear"": 0, ""slippage_pct"": 0.01, ""strong_slope_min"": 0.007831455567068027, ""timeframe_minutes"": 60, ""tol_buy_hi"": 0.01957358289823298, ""tol_buy_lo"": 0.005977239179899948, ""tol_sell_hi"": 0.013802762022204908, ""tol_sell_lo"": 0.014928241263376297, ""trail_atr_mult"": 2.369911270015457, ""trend_ema_fast"": 20, ""trend_ema_slow"": 360}",61.5,39.592017664057686,13.533822154649734,-64.29134091952105,-64.40172219872676,326.4521532212532,1.7069198229550935,2.0104299831229624,6,1395.920176640577
204,GridTradingStrategyV2Aggressive,"{""allow_bear_breakout_sell"": 1, ""atr_mult"": 1.3782637139589018, ""breakout_slope_min"": 0.004278662634053607, ""breakout_window"": 15, ""buy_spacing_mult_bear"": 1.324760293871678, ""center_lookback"": 20, ""cooldown_bars"": 5, ""fee_pct"": 0.0025, ""min_edge_pct"": 0.02, ""min_step_pct"": 0.017189153618897217, ""min_strength"": 0.55, ""no_sell_above_ema_fast_in_bull"": 0, ""num_grids"": 13, ""recenter_dwell_bars"": 16, ""recenter_threshold_pct"": 0.11613881847238475, ""sell_spacing_mult_bull"": 1.3672758555321043, ""side_when_bear"": 1, ""slippage_pct"": 0.01, ""strong_slope_min"": 0.006115296540025872, ""timeframe_minutes"": 60, ""tol_buy_hi"": 0.005, ""tol_buy_lo"": 0.010507519386442805, ""tol_sell_hi"": 0.01429046428003707, ""tol_sell_lo"": 0.0033990315330182314, ""trail_atr_mult"": 2.0, ""trend_ema_fast"": 50, ""trend_ema_slow"": 337}",61.5,47.17699350801294,13.533822154649734,-64.29134091952105,-59.977932404122924,436.7686071781442,1.8421367366739745,2.181850773366256,2,1471.7699350801295
54,GridTradingStrategyV2Aggressive,"{""allow_bear_breakout_sell"": 0, ""atr_mult"": 1.7286767458811259, ""breakout_slope_min"": 0.0006866498385951191, ""breakout_window"": 61, ""buy_spacing_mult_bear"": 1.105255396294739, ""center_lookback"": 20, ""cooldown_bars"": 2, ""fee_pct"": 0.0025, ""min_edge_pct"": 0.013372724417290524, ""min_step_pct"": 0.021782377623496826, ""min_strength"": 0.7822862415572179, ""no_sell_above_ema_fast_in_bull"": 1, ""num_grids"": 10, ""recenter_dwell_bars"": 9, ""recenter_threshold_pct"": 0.09752308337612926, ""sell_spacing_mult_bull"": 1.3642806459541472, ""side_when_bear"": 2, ""slippage_pct"": 0.01, ""strong_slope_min"": 0.006702722013338918, ""timeframe_minutes"": 60, ""tol_buy_hi"": 0.018591864028577078, ""tol_buy_lo"": 0.008534929720604743, ""tol_sell_hi"": 0.007537060051574177, ""tol_sell_lo"": 0.007925164915907133, ""trail_atr_mult"": 1.3853725384740607, ""trend_ema_fast"": 75, ""trend_ema_slow"": 202}",61.5,41.9960776703163,13.533822154649734,-64.29134091952105,-64.33824998869783,359.31951282654666,1.7520467103798887,2.021707224946346,4,1419.960776703163
156,CompositeMomentumIndexStrategy,"{""roc_period"": 15, ""rsi_period"": 16, ""signal_threshold"": 0.7, ""tsi_long"": 35, ""tsi_short"": 7}",61.5,42.221061676668526,13.533822154649734,-64.29134091952105,-57.108934008691556,362.49231459685325,1.8079211841767446,1.7034934149024494,3,1422.2106167666852
97,CSMARevertStrategy,"{""entry_drop"": 0.25, ""exit_up"": 0.22796580743634787, ""n_sma"": 745, ""rsi_max"": 27.323061125277185, ""rsi_period"": 33, ""timeframe_minutes"": 5}",61.5,39.741641994700096,13.533822154649734,-64.29134091952105,-57.10893400869155,328.4432487266847,1.835101756498363,1.314860580061901,2,1397.416419947001
116,CompositeMomentumIndexStrategy,"{""roc_period"": 15, ""rsi_period"": 14, ""signal_threshold"": 0.37290861114184604, ""tsi_long"": 25, ""tsi_short"": 9}",61.5,41.864079321086955,13.533822154649734,-64.29134091952105,-57.108934008691556,357.4658443082499,1.799925478273384,1.695946906695721,3,1418.6407932108696
134,GridTradingStrategyV2Aggressive,"{""allow_bear_breakout_sell"": 0, ""atr_mult"": 1.7896196243003129, ""breakout_slope_min"": 0.0005, ""breakout_window"": 20, ""buy_spacing_mult_bear"": 1.7430692137470651, ""center_lookback"": 17, ""cooldown_bars"": 3, ""fee_pct"": 0.0025, ""min_edge_pct"": 0.02, ""min_step_pct"": 0.02, ""min_strength"": 0.6552591810133184, ""no_sell_above_ema_fast_in_bull"": 1, ""num_grids"": 17, ""recenter_dwell_bars"": 15, ""recenter_threshold_pct"": 0.2251821187945804, ""sell_spacing_mult_bull"": 1.0294831928779828, ""side_when_bear"": 2, ""slippage_pct"": 0.01, ""strong_slope_min"": 0.0019567679275328083, ""timeframe_minutes"": 60, ""tol_buy_hi"": 0.005, ""tol_buy_lo"": 0.013826754209648823, ""tol_sell_hi"": 0.006877742072753269, ""tol_sell_lo"": 0.016094510389997395, ""trail_atr_mult"": 2.7855938438597203, ""trend_ema_fast"": 30, ""trend_ema_slow"": 200}",61.5,43.368776822577246,13.533822154649734,-64.29134091952105,-64.40172219872676,378.9413382100147,1.7779762716580283,2.038415356829373,4,1433.6877682257725
59,GridTradingStrategyV2Aggressive,"{""allow_bear_breakout_sell"": 0, ""atr_mult"": 0.7988756520934441, ""breakout_slope_min"": 0.0033662760950969573, ""breakout_window"": 41, ""buy_spacing_mult_bear"": 1.6581712560485642, ""center_lookback"": 30, ""cooldown_bars"": 4, ""fee_pct"": 0.0025, ""min_edge_pct"": 0.016248423624580427, ""min_step_pct"": 0.02, ""min_strength"": 0.6541037279881897, ""no_sell_above_ema_fast_in_bull"": 1, ""num_grids"": 13, ""recenter_dwell_bars"": 6, ""recenter_threshold_pct"": 0.14297631738633038, ""sell_spacing_mult_bull"": 1.5482574990999494, ""side_when_bear"": 1, ""slippage_pct"": 0.01, ""strong_slope_min"": 0.003430653906709897, ""timeframe_minutes"": 60, ""tol_buy_hi"": 0.009377135189538019, ""tol_buy_lo"": 0.012705011601754614, ""tol_sell_hi"": 0.013441508054165097, ""tol_sell_lo"": 0.014452076440280228, ""trail_atr_mult"": 2.0, ""trend_ema_fast"": 50, ""trend_ema_slow"": 200}",61.5,41.26377141935769,13.533822154649734,-64.29134091952105,-64.29134091952105,349.1081977761381,1.737637238300754,2.0486199355855566,6,1412.6377141935768
91,CompositeMomentumIndexStrategy,"{""roc_period"": 19, ""rsi_period"": 14, ""signal_threshold"": 0.6127537071020055, ""tsi_long"": 24, ""tsi_short"": 8}",61.5,41.864079321086955,13.533822154649734,-64.29134091952105,-57.108934008691556,357.4658443082499,1.799925478273384,1.695946906695721,3,1418.6407932108696
96,CompositeMomentumIndexStrategy,"{""roc_period"": 10, ""rsi_period"": 14, ""signal_threshold"": 0.022269828260153494, ""tsi_long"": 24, ""tsi_short"": 17}",61.5,46.86573493221029,13.533822154649734,-64.29134091952105,-57.10893400869155,431.85011864883404,1.9111581130674746,1.8075685762101075,3,1468.6573493221028
113,Strategy_62_RSIAvgs,"{""ma_periods"": [5, 10, 20], ""overbought"": 86, ""oversold"": 46, ""rsi_period"": 41, ""signal_threshold"": 0.6}",61.5,29.318602958832905,13.533822154649734,-64.29134091952105,-60.44429975456649,205.85441719235757,1.5116073823188254,1.809023881831934,2,1293.1860295883291
161,CompositeMomentumIndexStrategy,"{""roc_period"": 11, ""rsi_period"": 10, ""signal_threshold"": 0.40574259204481294, ""tsi_long"": 30, ""tsi_short"": 5}",61.5,41.93382015436708,13.533822154649734,-64.29134091952105,-57.10893400869155,358.44450392928906,1.7848292576572302,1.739307145880002,4,1419.338201543671
109,GridTradingStrategyV2Aggressive,"{""allow_bear_breakout_sell"": 1, ""atr_mult"": 1.5662229571104658, ""breakout_slope_min"": 0.0026190373934949864, ""breakout_window"": 23, ""buy_spacing_mult_bear"": 1.1629131053388442, ""center_lookback"": 11, ""cooldown_bars"": 2, ""fee_pct"": 0.0025, ""min_edge_pct"": 0.020232729209081236, ""min_step_pct"": 0.027508140589103038, ""min_strength"": 0.6457338531628525, ""no_sell_above_ema_fast_in_bull"": 1, ""num_grids"": 20, ""recenter_dwell_bars"": 11, ""recenter_threshold_pct"": 0.12, ""sell_spacing_mult_bull"": 1.3, ""side_when_bear"": 1, ""slippage_pct"": 0.01, ""strong_slope_min"": 0.001, ""timeframe_minutes"": 60, ""tol_buy_hi"": 0.011391420175670295, ""tol_buy_lo"": 0.019560000907545477, ""tol_sell_hi"": 0.0062907614736600285, ""tol_sell_lo"": 0.012249801176199745, ""trail_atr_mult"": 2.890140585501488, ""trend_ema_fast"": 56, ""trend_ema_slow"": 335}",61.5,42.908393493137595,13.533822154649734,-64.29134091952105,-64.29134091952105,372.2899362293612,1.7674714250532197,2.085019967555255,6,1429.083934931376
111,CompositeMomentumIndexStrategy,"{""roc_period"": 19, ""rsi_period"": 10, ""signal_threshold"": 0.7, ""tsi_long"": 25, ""tsi_short"": 13}",61.5,45.775401174343685,13.533822154649734,-64.29134091952105,-57.10893400869155,414.89388128515446,1.8690666568357757,1.7891748383118615,3,1457.7540117434369
72,CSMARevertStrategy,"{""entry_drop"": 0.25, ""exit_up"": 0.28294353360080715, ""n_sma"": 725, ""rsi_max"": 34.96298393140661, ""rsi_period"": 38, ""timeframe_minutes"": 5}",61.5,42.432750565136224,13.533822154649734,-64.29134091952105,-57.10893400869155,365.4930080932333,1.7941991903507635,1.8020361379368377,2,1424.3275056513623
126,CompositeMomentumIndexStrategy,"{""roc_period"": 10, ""rsi_period"": 19, ""signal_threshold"": 0.8943195945676322, ""tsi_long"": 33, ""tsi_short"": 5}",61.5,46.86573493221029,13.533822154649734,-64.29134091952105,-57.10893400869155,431.85011864883404,1.9111581130674746,1.8075685762101075,3,1468.6573493221028
160,DonchianChampionAggressiveStrategy,"{""ema_exit_days"": 4.394270985155703, ""entry_days"": 13.679804053593257, ""exit_days"": 2.2957812762249787, ""timeframe_minutes"": 5, ""trailing_drawdown_pct"": 0.2862653466890106}",61.35,15.480369277712036,13.533822154649734,-64.29134091952105,-23.757057717447914,86.97890512611725,1.2533458151222039,0.611513883451546,4,1154.8036927771204
165,DonchianChampionAggressiveStrategy,"{""ema_exit_days"": 2.940722850363629, ""entry_days"": 15.674524374618004, ""exit_days"": 1.7864553179349258, ""timeframe_minutes"": 5, ""trailing_drawdown_pct"": 0.4514947234715051}",61.3,15.843744437902085,13.533822154649734,-64.29134091952105,-24.492471310177955,89.5506501584454,1.301496854576328,0.5809230373563244,4,1158.437444379021
120,DonchianChampionAggressiveStrategy,"{""ema_exit_days"": 3.0, ""entry_days"": 15.671186416956909, ""exit_days"": 1.794321212440967, ""timeframe_minutes"": 5, ""trailing_drawdown_pct"": 0.5872999311944126}",61.3,15.843744437902085,13.533822154649734,-64.29134091952105,-24.492471310177955,89.5506501584454,1.301496854576328,0.5809230373563244,4,1158.437444379021
400,DonchianChampionAggressiveStrategy,"{""ema_exit_days"": 2.0650200596020314, ""entry_days"": 15.153942505373562, ""exit_days"": 2.1292530062398223, ""timeframe_minutes"": 5, ""trailing_drawdown_pct"": 0.791071754118491}",61.05,15.557538731351993,13.533822154649734,-64.29134091952105,-24.49259274733412,87.52280204649199,1.269330051604869,0.6013139092531713,4,1155.57538731352
365,DonchianChampionAggressiveStrategy,"{""ema_exit_days"": 1.5321099749678195, ""entry_days"": 15.484165082491568, ""exit_days"": 2.0, ""timeframe_minutes"": 5, ""trailing_drawdown_pct"": 0.6111343267169904}",61.05,15.557538731351993,13.533822154649734,-64.29134091952105,-24.49259274733412,87.52280204649199,1.269330051604869,0.6013139092531713,4,1155.57538731352
215,DonchianChampionAggressiveStrategy,"{""ema_exit_days"": 4.042980162678536, ""entry_days"": 14.004514793466157, ""exit_days"": 2.2961381016403344, ""timeframe_minutes"": 5, ""trailing_drawdown_pct"": 0.3896444854691701}",60.95,15.452045370499468,13.533822154649734,-64.29134091952105,-24.49263765995787,86.77958085049222,1.2610409062765904,0.6030669391352084,4,1154.5204537049947
330,DonchianChampionAggressiveStrategy,"{""ema_exit_days"": 3.983411285670921, ""entry_days"": 16.08948362379517, ""exit_days"": 1.1199670032724414, ""timeframe_minutes"": 5, ""trailing_drawdown_pct"": 0.6894769642367305}",60.18,13.97469460265912,13.533822154649734,-64.29134091952105,-23.418563690917004,76.60766616320058,1.1838630333290747,0.5437516877551902,4,1139.746946026591
185,DonchianChampionAggressiveStrategy,"{""ema_exit_days"": 3.0, ""entry_days"": 14.77322820536833, ""exit_days"": 2.5000064314668817, ""timeframe_minutes"": 5, ""trailing_drawdown_pct"": 0.22250296799193292}",59.72,14.057361386664224,13.533822154649734,-64.29134091952105,-24.493239235756548,77.16531444030126,1.1774443804931338,0.5760657319757783,4,1140.5736138666423
220,DonchianChampionAggressiveStrategy,"{""ema_exit_days"": 3.546376288636776, ""entry_days"": 13.90189447751876, ""exit_days"": 2.776655196350916, ""timeframe_minutes"": 5, ""trailing_drawdown_pct"": 0.5014673256213688}",59.62,13.947425354013475,13.533822154649734,-64.29134091952105,-24.493287280732602,76.4240118039792,1.1694002701424429,0.5750276827270551,4,1139.4742535401347
30,DonchianChampionAggressiveStrategy,"{""ema_exit_days"": 2.3900167612264096, ""entry_days"": 16.118139531799905, ""exit_days"": 2.0, ""timeframe_minutes"": 5, ""trailing_drawdown_pct"": 0.5717367874340024}",58.58,12.524614692363611,13.533822154649734,-64.29134091952105,-24.4939175511394,67.0437048461239,1.099723795428272,0.516711961307169,4,1125.2461469236362
375,DonchianChampionAggressiveStrategy,"{""ema_exit_days"": 2.9556414529794335, ""entry_days"": 16.190006179065062, ""exit_days"": 2.0, ""timeframe_minutes"": 5, ""trailing_drawdown_pct"": 0.40469123360906867}",58.58,12.524614692363611,13.533822154649734,-64.29134091952105,-24.4939175511394,67.0437048461239,1.099723795428272,0.516711961307169,4,1125.2461469236362
230,DonchianChampionAggressiveStrategy,"{""ema_exit_days"": 1.9882477612873126, ""entry_days"": 6.632613328063713, ""exit_days"": 2.279042620631925, ""timeframe_minutes"": 5, ""trailing_drawdown_pct"": 0.3023263227106586}",58.54,17.441819757542753,13.533822154649734,-64.29134091952105,-32.84296431335868,101.18581687780744,1.2492105724356766,0.8360357022947107,7,1174.4181975754275
115,DonchianChampionAggressiveStrategy,"{""ema_exit_days"": 3.0, ""entry_days"": 16.31049413974068, ""exit_days"": 1.8870540449215072, ""timeframe_minutes"": 5, ""trailing_drawdown_pct"": 0.911017612656826}",58.11,12.071824590689273,13.533822154649734,-64.29134091952105,-24.82908144045839,64.14065663181859,1.0762518264686678,0.5003837646083256,4,1120.7182459068927
45,DonchianChampionAggressiveStrategy,"{""ema_exit_days"": 1.6901091799304306, ""entry_days"": 16.489231005293902, ""exit_days"": 2.1301325742522024, ""timeframe_minutes"": 5, ""trailing_drawdown_pct"": 0.500644995133133}",58.08,12.025097989766387,13.533822154649734,-64.29134091952105,-24.82910242987908,63.84329722154827,1.0722863281087396,0.5036127119971354,4,1120.250979897664
89,GridTradingStrategyV2Aggressive,"{""allow_bear_breakout_sell"": 0, ""atr_mult"": 0.924982877157654, ""breakout_slope_min"": 0.0018824593780296312, ""breakout_window"": 62, ""buy_spacing_mult_bear"": 1.312763948008521, ""center_lookback"": 23, ""cooldown_bars"": 4, ""fee_pct"": 0.0025, ""min_edge_pct"": 0.011928579308307735, ""min_step_pct"": 0.014992256940293347, ""min_strength"": 0.7201855697604334, ""no_sell_above_ema_fast_in_bull"": 0, ""num_grids"": 14, ""recenter_dwell_bars"": 15, ""recenter_threshold_pct"": 0.1373788954693162, ""sell_spacing_mult_bull"": 1.5085330955738097, ""side_when_bear"": 0, ""slippage_pct"": 0.01, ""strong_slope_min"": 0.003461446073587364, ""timeframe_minutes"": 60, ""tol_buy_hi"": 0.005, ""tol_buy_lo"": 0.01, ""tol_sell_hi"": 0.016289246639121475, ""tol_sell_lo"": 0.006041154862743354, ""trail_atr_mult"": 2.0, ""trend_ema_fast"": 73, ""trend_ema_slow"": 249}",57.5,27.61101881432797,13.533822154649734,-64.29134091952105,-64.29134091952105,188.67810291817005,1.4755528690916093,1.7378207487811714,7,1276.1101881432796
274,GridTradingStrategyV2Aggressive,"{""allow_bear_breakout_sell"": 0, ""atr_mult"": 1.0, ""breakout_slope_min"": 0.0021144768578788223, ""breakout_window"": 63, ""buy_spacing_mult_bear"": 1.407934265525624, ""center_lookback"": 22, ""cooldown_bars"": 6, ""fee_pct"": 0.0025, ""min_edge_pct"": 0.02737519659091698, ""min_step_pct"": 0.014089829542211428, ""min_strength"": 0.6299783407232754, ""no_sell_above_ema_fast_in_bull"": 1, ""num_grids"": 20, ""recenter_dwell_bars"": 6, ""recenter_threshold_pct"": 0.2143689636549569, ""sell_spacing_mult_bull"": 1.0789964744110394, ""side_when_bear"": 1, ""slippage_pct"": 0.01, ""strong_slope_min"": 0.0019192168443856608, ""timeframe_minutes"": 60, ""tol_buy_hi"": 0.005, ""tol_buy_lo"": 0.01010590152547101, ""tol_sell_hi"": 0.01994822973252972, ""tol_sell_lo"": 0.0074533080878801, ""trail_atr_mult"": 1.989432226586008, ""trend_ema_fast"": 30, ""trend_ema_slow"": 163}",57.5,22.08259849292147,13.533822154649734,-64.29134091952105,-60.31056720067136,138.1115336031383,1.3689971192323485,1.6420929881408963,1,1220.8259849292147
1,CompositeMomentumIndexStrategy,"{""roc_period"": 10, ""rsi_period"": 12, ""signal_threshold"": 0.3759472823975564, ""tsi_long"": 15, ""tsi_short"": 13}",57.5,20.982539351199804,13.533822154649734,-64.29134091952105,-57.10893400869155,128.92208777542695,1.2938074284310794,1.2040736284370679,3,1209.825393511998
236,CompositeMomentumIndexStrategy,"{""roc_period"": 5, ""rsi_period"": 25, ""signal_threshold"": 0.0618624095519328, ""tsi_long"": 16, ""tsi_short"": 19}",57.5,26.26702678803219,13.533822154649734,-64.29134091952105,-57.10893400869157,175.68951609759546,1.4303481685826867,1.3455449620899897,1,1262.670267880322
53,Strategy_62_RSIAvgs,"{""ma_periods"": [5, 10, 20], ""overbought"": 80, ""oversold"": 30, ""rsi_period"": 38, ""signal_threshold"": 0.6}",57.5,24.823022717440857,13.533822154649734,-64.29134091952105,-57.108934008691556,162.24082130928932,1.394482605048359,1.3947918201919056,2,1248.2302271744086
259,GridTradingStrategyV2Aggressive,"{""allow_bear_breakout_sell"": 1, ""atr_mult"": 1.1947306034324887, ""breakout_slope_min"": 0.00048494671970963617, ""breakout_window"": 48, ""buy_spacing_mult_bear"": 1.3439841338291916, ""center_lookback"": 40, ""cooldown_bars"": 2, ""fee_pct"": 0.0025, ""min_edge_pct"": 0.012505543895928093, ""min_step_pct"": 0.02, ""min_strength"": 0.55, ""no_sell_above_ema_fast_in_bull"": 1, ""num_grids"": 9, ""recenter_dwell_bars"": 15, ""recenter_threshold_pct"": 0.12, ""sell_spacing_mult_bull"": 1.5282489998372768, ""side_when_bear"": 0, ""slippage_pct"": 0.01, ""strong_slope_min"": 0.001, ""timeframe_minutes"": 60, ""tol_buy_hi"": 0.005442571592121456, ""tol_buy_lo"": 0.017246733393244687, ""tol_sell_hi"": 0.01, ""tol_sell_lo"": 0.00957719912287846, ""trail_atr_mult"": 2.0472894505221673, ""trend_ema_fast"": 42, ""trend_ema_slow"": 134}",57.5,23.12481181174386,13.533822154649734,-64.29134091952105,-64.29134091952105,147.077310230834,1.3845559636299019,1.6367922486686945,6,1231.2481181174387
94,GridTradingStrategyV2Aggressive,"{""allow_bear_breakout_sell"": 0, ""atr_mult"": 1.0152839385855308, ""breakout_slope_min"": 0.0005, ""breakout_window"": 54, ""buy_spacing_mult_bear"": 1.363299861388513, ""center_lookback"": 12, ""cooldown_bars"": 2, ""fee_pct"": 0.0025, ""min_edge_pct"": 0.02346106812736052, ""min_step_pct"": 0.02244318421318451, ""min_strength"": 0.5223073036084475, ""no_sell_above_ema_fast_in_bull"": 1, ""num_grids"": 16, ""recenter_dwell_bars"": 6, ""recenter_threshold_pct"": 0.1725642189725406, ""sell_spacing_mult_bull"": 1.011942444023019, ""side_when_bear"": 0, ""slippage_pct"": 0.01, ""strong_slope_min"": 0.005265824747723009, ""timeframe_minutes"": 60, ""tol_buy_hi"": 0.014406396704362784, ""tol_buy_lo"": 0.01687670528123029, ""tol_sell_hi"": 0.007237333587677283, ""tol_sell_lo"": 0.005449371717464789, ""trail_atr_mult"": 1.562750660142994, ""trend_ema_fast"": 52, ""trend_ema_slow"": 387}",57.5,27.46290489008214,13.533822154649734,-64.29134091952105,-59.977932404122924,187.224055521229,1.4778768546423267,1.773436764265206,1,1274.6290489008213
16,CompositeMomentumIndexStrategy,"{""roc_period"": 10, ""rsi_period"": 27, ""signal_threshold"": 0.016592124967427072, ""tsi_long"": 30, ""tsi_short"": 11}",57.5,25.95690728841933,13.533822154649734,-64.29134091952105,-57.10893400869155,172.75744565042763,1.4223949929228699,1.3380836027465228,1,1259.5690728841932
292,CSMARevertStrategy,"{""entry_drop"": 0.03853307939013284, ""exit_up"": 0.5973311117443566, ""n_sma"": 674, ""rsi_max"": 42.83981107310255, ""rsi_period"": 14, ""timeframe_minutes"": 5}",57.5,24.764782708825205,13.533822154649734,-64.29134091952105,-57.87360978010502,161.70921673597257,1.4127829440644657,1.6378119543547394,2,1247.6478270882521
136,CompositeMomentumIndexStrategy,"{""roc_period"": 10, ""rsi_period"": 14, ""signal_threshold"": 0.3315249787853794, ""tsi_long"": 16, ""tsi_short"": 9}",57.5,28.431227198515785,13.533822154649734,-64.29134091952105,-57.10893400869155,196.83306726788348,1.4821802905914687,1.4030441139858316,3,1284.3122719851578
104,GridTradingStrategyV2Aggressive,"{""allow_bear_breakout_sell"": 1, ""atr_mult"": 1.2614404877590066, ""breakout_slope_min"": 0.001126159299539239, ""breakout_window"": 20, ""buy_spacing_mult_bear"": 1.2, ""center_lookback"": 11, ""cooldown_bars"": 6, ""fee_pct"": 0.0025, ""min_edge_pct"": 0.02, ""min_step_pct"": 0.02, ""min_strength"": 0.55, ""no_sell_above_ema_fast_in_bull"": 1, ""num_grids"": 6, ""recenter_dwell_bars"": 6, ""recenter_threshold_pct"": 0.24520412008918924, ""sell_spacing_mult_bull"": 1.1005550270838718, ""side_when_bear"": 1, ""slippage_pct"": 0.01, ""strong_slope_min"": 0.0023552251732723867, ""timeframe_minutes"": 60, ""tol_buy_hi"": 0.019136469132018455, ""tol_buy_lo"": 0.014572190583782476, ""tol_sell_hi"": 0.013031783989781855, ""tol_sell_lo"": 0.011556802310798859, ""trail_atr_mult"": 2.0, ""trend_ema_fast"": 76, ""trend_ema_slow"": 186}",57.5,26.25082347726382,13.533822154649734,-64.29134091952105,-64.29134091952105,175.53572129257705,1.4483308770485779,1.7066209812873228,6,1262.5082347726382
138,Strategy_62_RSIAvgs,"{""ma_periods"": [5, 10, 20], ""overbought"": 99, ""oversold"": 48, ""rsi_period"": 36, ""signal_threshold"": 0.29584942893397603}",57.5,21.990842346605042,13.533822154649734,-64.29134091952105,-60.34038995550167,137.33436314447906,1.367001059207248,1.6386492392038974,1,1219.9084234660504
99,GridTradingStrategyV2Aggressive,"{""allow_bear_breakout_sell"": 1, ""atr_mult"": 1.0, ""breakout_slope_min"": 0.004972501468261975, ""breakout_window"": 80, ""buy_spacing_mult_bear"": 1.1951761443154139, ""center_lookback"": 22, ""cooldown_bars"": 1, ""fee_pct"": 0.0025, ""min_edge_pct"": 0.023103446297890948, ""min_step_pct"": 0.015987656395821, ""min_strength"": 0.4709770784349902, ""no_sell_above_ema_fast_in_bull"": 0, ""num_grids"": 15, ""recenter_dwell_bars"": 15, ""recenter_threshold_pct"": 0.12, ""sell_spacing_mult_bull"": 1.5060764826191728, ""side_when_bear"": 0, ""slippage_pct"": 0.01, ""strong_slope_min"": 0.0010372557092489893, ""timeframe_minutes"": 60, ""tol_buy_hi"": 0.0194899484708383, ""tol_buy_lo"": 0.01, ""tol_sell_hi"": 0.012764031191316815, ""tol_sell_lo"": 0.011156926876428004, ""trail_atr_mult"": 1.4284935210467298, ""trend_ema_fast"": 39, ""trend_ema_slow"": 316}",57.5,27.46290489008214,13.533822154649734,-64.29134091952105,-59.977932404122924,187.224055521229,1.4778768546423267,1.773436764265206,1,1274.6290489008213
278,Strategy_62_RSIAvgs,"{""ma_periods"": [5, 10, 20], ""overbought"": 89, ""oversold"": 41, ""rsi_period"": 14, ""signal_threshold"": 0.6622305695178539}",57.5,21.11040021942836,13.533822154649734,-64.29134091952105,-63.04740311135069,129.97592098571377,1.345306000628409,1.615479532519121,2,1211.1040021942836
276,CompositeMomentumIndexStrategy,"{""roc_period"": 6, ""rsi_period"": 29, ""signal_threshold"": 0.693388284937976, ""tsi_long"": 36, ""tsi_short"": 9}",57.5,26.26702678803219,13.533822154649734,-64.29134091952105,-57.10893400869157,175.68951609759546,1.4303481685826867,1.3455449620899897,1,1262.670267880322
49,GridTradingStrategyV2Aggressive,"{""allow_bear_breakout_sell"": 0, ""atr_mult"": 1.2034514409403148, ""breakout_slope_min"": 0.003859012332145146, ""breakout_window"": 15, ""buy_spacing_mult_bear"": 1.503194436501496, ""center_lookback"": 15, ""cooldown_bars"": 2, ""fee_pct"": 0.0025, ""min_edge_pct"": 0.026714207276705797, ""min_step_pct"": 0.020602578021527877, ""min_strength"": 0.55, ""no_sell_above_ema_fast_in_bull"": 1, ""num_grids"": 11, ""recenter_dwell_bars"": 6, ""recenter_threshold_pct"": 0.19159023665775265, ""sell_spacing_mult_bull"": 1.3, ""side_when_bear"": 1, ""slippage_pct"": 0.01, ""strong_slope_min"": 0.003351962609652863, ""timeframe_minutes"": 60, ""tol_buy_hi"": 0.008454531878113748, ""tol_buy_lo"": 0.01030209466711853, ""tol_sell_hi"": 0.006992911079898009, ""tol_sell_lo"": 0.004986555723056181, ""trail_atr_mult"": 2.7717899359166687, ""trend_ema_fast"": 50, ""trend_ema_slow"": 260}",57.5,27.46290489008214,13.533822154649734,-64.29134091952105,-59.977932404122924,187.224055521229,1.4778768546423267,1.773436764265206,1,1274.6290489008213
79,GridTradingStrategyV2Aggressive,"{""allow_bear_breakout_sell"": 1, ""atr_mult"": 1.0, ""breakout_slope_min"": 0.002903959300280389, ""breakout_window"": 78, ""buy_spacing_mult_bear"": 1.7185309261910837, ""center_lookback"": 20, ""cooldown_bars"": 5, ""fee_pct"": 0.0025, ""min_edge_pct"": 0.011316394673029959, ""min_step_pct"": 0.018166790903233605, ""min_strength"": 0.55, ""no_sell_above_ema_fast_in_bull"": 0, ""num_grids"": 10, ""recenter_dwell_bars"": 13, ""recenter_threshold_pct"": 0.15754508949943088, ""sell_spacing_mult_bull"": 1.079669944589301, ""side_when_bear"": 2, ""slippage_pct"": 0.01, ""strong_slope_min"": 0.001, ""timeframe_minutes"": 60, ""tol_buy_hi"": 0.004893523467632171, ""tol_buy_lo"": 0.012960069511130289, ""tol_sell_hi"": 0.0112365649362817, ""tol_sell_lo"": 0.005, ""trail_atr_mult"": 3.2084492390766277, ""trend_ema_fast"": 79, ""trend_ema_slow"": 369}",57.5,23.034324966004014,13.533822154649734,-64.29134091952105,-64.41155044744002,146.28874194449457,1.381574211683616,1.6282418193874777,6,1230.34324966004
229,GridTradingStrategyV2Aggressive,"{""allow_bear_breakout_sell"": 1, ""atr_mult"": 1.0, ""breakout_slope_min"": 0.00126664544706865, ""breakout_window"": 79, ""buy_spacing_mult_bear"": 1.2, ""center_lookback"": 20, ""cooldown_bars"": 2, ""fee_pct"": 0.0025, ""min_edge_pct"": 0.0262915161087338, ""min_step_pct"": 0.02, ""min_strength"": 0.49337837287497216, ""no_sell_above_ema_fast_in_bull"": 1, ""num_grids"": 15, ""recenter_dwell_bars"": 13, ""recenter_threshold_pct"": 0.19551789470271086, ""sell_spacing_mult_bull"": 1.7758480180453198, ""side_when_bear"": 1, ""slippage_pct"": 0.01, ""strong_slope_min"": 0.009863119723578763, ""timeframe_minutes"": 60, ""tol_buy_hi"": 0.010203797510193485, ""tol_buy_lo"": 0.012715716342921504, ""tol_sell_hi"": 0.01, ""tol_sell_lo"": 0.005, ""trail_atr_mult"": 2.0, ""trend_ema_fast"": 33, ""trend_ema_slow"": 200}",57.5,23.507277266039228,13.533822154649734,-64.29134091952105,-59.977932404122924,150.43189230952217,1.398293229904318,1.6773997549624882,1,1235.0727726603923
124,GridTradingStrategyV2Aggressive,"{""allow_bear_breakout_sell"": 0, ""atr_mult"": 1.1350358180766487, ""breakout_slope_min"": 0.0003061926504394535, ""breakout_window"": 20, ""buy_spacing_mult_bear"": 1.3833832310353291, ""center_lookback"": 20, ""cooldown_bars"": 1, ""fee_pct"": 0.0025, ""min_edge_pct"": 0.0199736341061826, ""min_step_pct"": 0.01339201500032257, ""min_strength"": 0.7541950060106449, ""no_sell_above_ema_fast_in_bull"": 1, ""num_grids"": 15, ""recenter_dwell_bars"": 9, ""recenter_threshold_pct"": 0.23102655238772213, ""sell_spacing_mult_bull"": 1.5554564239089124, ""side_when_bear"": 1, ""slippage_pct"": 0.01, ""strong_slope_min"": 0.005768084208409359, ""timeframe_minutes"": 60, ""tol_buy_hi"": 0.019116349649283895, ""tol_buy_lo"": 0.005124844709301664, ""tol_sell_hi"": 0.018753659762372338, ""tol_sell_lo"": 0.005, ""trail_atr_mult"": 2.2640351237853547, ""trend_ema_fast"": 20, ""trend_ema_slow"": 223}",57.5,25.09898898296459,13.533822154649734,-64.29134091952105,-59.977932404122924,164.77110769586653,1.4306067980380375,1.7162661959331984,1,1250.9898898296458
34,GridTradingStrategyV2Aggressive,"{""allow_bear_breakout_sell"": 0, ""atr_mult"": 1.0509758871249049, ""breakout_slope_min"": 0.0005, ""breakout_window"": 32, ""buy_spacing_mult_bear"": 1.5764850372416381, ""center_lookback"": 20, ""cooldown_bars"": 0, ""fee_pct"": 0.0025, ""min_edge_pct"": 0.009556405552722452, ""min_step_pct"": 0.012879594489262278, ""min_strength"": 0.7688937359033068, ""no_sell_above_ema_fast_in_bull"": 0, ""num_grids"": 20, ""recenter_dwell_bars"": 7, ""recenter_threshold_pct"": 0.2429296284459424, ""sell_spacing_mult_bull"": 1.3, ""side_when_bear"": 1, ""slippage_pct"": 0.01, ""strong_slope_min"": 0.001, ""timeframe_minutes"": 60, ""tol_buy_hi"": 0.006073704071664427, ""tol_buy_lo"": 0.01, ""tol_sell_hi"": 0.015555706934165938, ""tol_sell_lo"": 0.005, ""trail_atr_mult"": 1.5860365356639448, ""trend_ema_fast"": 50, ""trend_ema_slow"": 200}",57.5,23.435359238880338,13.533822154649734,-64.29134091952105,-64.41153063528691,149.7984422307907,1.3917972572987642,1.6451798878141606,5,1234.3535923888035
314,GridTradingStrategyV2Aggressive,"{""allow_bear_breakout_sell"": 0, ""atr_mult"": 1.0, ""breakout_slope_min"": 0.0019516701364419814, ""breakout_window"": 17, ""buy_spacing_mult_bear"": 1.3152671167218104, ""center_lookback"": 20, ""cooldown_bars"": 5, ""fee_pct"": 0.0025, ""min_edge_pct"": 0.02, ""min_step_pct"": 0.02, ""min_strength"": 0.7531340790161067, ""no_sell_above_ema_fast_in_bull"": 1, ""num_grids"": 11, ""recenter_dwell_bars"": 6, ""recenter_threshold_pct"": 0.23206608564503733, ""sell_spacing_mult_bull"": 1.4240920571494715, ""side_when_bear"": 0, ""slippage_pct"": 0.01, ""strong_slope_min"": 0.007059593185170247, ""timeframe_minutes"": 60, ""tol_buy_hi"": 0.016600070393674123, ""tol_buy_lo"": 0.010587587433621686, ""tol_sell_hi"": 0.01, ""tol_sell_lo"": 0.009545842561244302, ""trail_atr_mult"": 2.095387401728823, ""trend_ema_fast"": 50, ""trend_ema_slow"": 200}",57.5,28.119741434002133,13.533822154649734,-64.29134091952105,-64.40172219872676,193.71548988921438,1.4856228041282433,1.747388249325249,6,1281.1974143400214
121,CompositeMomentumIndexStrategy,"{""roc_period"": 10, ""rsi_period"": 29, ""signal_threshold"": 0.7, ""tsi_long"": 21, ""tsi_short"": 13}",57.5,25.95690728841933,13.533822154649734,-64.29134091952105,-57.10893400869155,172.75744565042763,1.4223949929228699,1.3380836027465228,1,1259.5690728841932
166,CompositeMomentumIndexStrategy,"{""roc_period"": 10, ""rsi_period"": 29, ""signal_threshold"": 0.7488578023119122, ""tsi_long"": 25, ""tsi_short"": 13}",57.5,23.781464833158395,13.533822154649734,-64.29134091952105,-57.108934008691556,152.85827655930086,1.3656545707777414,1.2843658099285402,1,1237.8146483315838
186,CompositeMomentumIndexStrategy,"{""roc_period"": 5, ""rsi_period"": 26, ""signal_threshold"": 0.7, ""tsi_long"": 19, ""tsi_short"": 9}",57.5,26.26702678803219,13.533822154649734,-64.29134091952105,-57.10893400869157,175.68951609759546,1.4303481685826867,1.3455449620899897,1,1262.670267880322
211,CompositeMomentumIndexStrategy,"{""roc_period"": 5, ""rsi_period"": 12, ""signal_threshold"": 0.3746383014199391, ""tsi_long"": 20, ""tsi_short"": 7}",57.5,20.982539351199804,13.533822154649734,-64.29134091952105,-57.10893400869155,128.92208777542695,1.2938074284310794,1.2040736284370679,3,1209.825393511998
64,GridTradingStrategyV2Aggressive,"{""allow_bear_breakout_sell"": 0, ""atr_mult"": 1.4832582398938257, ""breakout_slope_min"": 0.0013453010552622834, ""breakout_window"": 77, ""buy_spacing_mult_bear"": 1.4347324269872441, ""center_lookback"": 24, ""cooldown_bars"": 2, ""fee_pct"": 0.0025, ""min_edge_pct"": 0.021298754473945525, ""min_step_pct"": 0.022094606477194856, ""min_strength"": 0.5002206235566643, ""no_sell_above_ema_fast_in_bull"": 0, ""num_grids"": 6, ""recenter_dwell_bars"": 6, ""recenter_threshold_pct"": 0.14679658361599654, ""sell_spacing_mult_bull"": 1.5699833589717176, ""side_when_bear"": 0, ""slippage_pct"": 0.01, ""strong_slope_min"": 0.001, ""timeframe_minutes"": 60, ""tol_buy_hi"": 0.01835610129188172, ""tol_buy_lo"": 0.010541376404034209, ""tol_sell_hi"": 0.01778767169021485, ""tol_sell_lo"": 0.012037163143403017, ""trail_atr_mult"": 2.0, ""trend_ema_fast"": 41, ""trend_ema_slow"": 128}",57.5,27.17756490648766,13.533822154649734,-64.29134091952105,-64.29134091952105,184.43875030808425,1.466531966832001,1.722741916665883,7,1271.7756490648767
309,GridTradingStrategyV2Aggressive,"{""allow_bear_breakout_sell"": 0, ""atr_mult"": 1.1647953527904762, ""breakout_slope_min"": 0.002464241626005386, ""breakout_window"": 13, ""buy_spacing_mult_bear"": 1.4055794617636788, ""center_lookback"": 37, ""cooldown_bars"": 2, ""fee_pct"": 0.0025, ""min_edge_pct"": 0.01245570771876366, ""min_step_pct"": 0.02, ""min_strength"": 0.4627822320743455, ""no_sell_above_ema_fast_in_bull"": 1, ""num_grids"": 8, ""recenter_dwell_bars"": 9, ""recenter_threshold_pct"": 0.1377174159260664, ""sell_spacing_mult_bull"": 1.482787726638209, ""side_when_bear"": 1, ""slippage_pct"": 0.01, ""strong_slope_min"": 0.006384241187219216, ""timeframe_minutes"": 60, ""tol_buy_hi"": 0.005, ""tol_buy_lo"": 0.006872098166487156, ""tol_sell_hi"": 0.01, ""tol_sell_lo"": 0.019486064592199023, ""trail_atr_mult"": 1.1803304983066556, ""trend_ema_fast"": 24, ""trend_ema_slow"": 366}",57.5,24.926706433169077,13.533822154649734,-64.29134091952105,-64.40172219872676,163.1892855009855,1.4212463932869774,1.6770933911093813,6,1249.2670643316908
379,GridTradingStrategyV2Aggressive,"{""allow_bear_breakout_sell"": 0, ""atr_mult"": 1.0, ""breakout_slope_min"": 0.003930344911421692, ""breakout_window"": 60, ""buy_spacing_mult_bear"": 1.7776673959511688, ""center_lookback"": 37, ""cooldown_bars"": 0, ""fee_pct"": 0.0025, ""min_edge_pct"": 0.021532304581809047, ""min_step_pct"": 0.02, ""min_strength"": 0.6219085749905057, ""no_sell_above_ema_fast_in_bull"": 0, ""num_grids"": 15, ""recenter_dwell_bars"": 7, ""recenter_threshold_pct"": 0.20120877763545603, ""sell_spacing_mult_bull"": 1.6505435766945165, ""side_when_bear"": 0, ""slippage_pct"": 0.01, ""strong_slope_min"": 0.0036419791106824507, ""timeframe_minutes"": 60, ""tol_buy_hi"": 0.013379769436693513, ""tol_buy_lo"": 0.011394994199698529, ""tol_sell_hi"": 0.009247536538876989, ""tol_sell_lo"": 0.005, ""trail_atr_mult"": 3.215144050073678, ""trend_ema_fast"": 35, ""trend_ema_slow"": 379}",57.5,25.09898898296459,13.533822154649734,-64.29134091952105,-59.977932404122924,164.77110769586653,1.4306067980380375,1.7162661959331984,1,1250.9898898296458
129,GridTradingStrategyV2Aggressive,"{""allow_bear_breakout_sell"": 0, ""atr_mult"": 0.9068656164799314, ""breakout_slope_min"": 0.0024169210168365723, ""breakout_window"": 33, ""buy_spacing_mult_bear"": 1.2, ""center_lookback"": 20, ""cooldown_bars"": 2, ""fee_pct"": 0.0025, ""min_edge_pct"": 0.02370912892588407, ""min_step_pct"": 0.01799788940489028, ""min_strength"": 0.6510830390212613, ""no_sell_above_ema_fast_in_bull"": 1, ""num_grids"": 17, ""recenter_dwell_bars"": 6, ""recenter_threshold_pct"": 0.17084678111927118, ""sell_spacing_mult_bull"": 1.7437327435283092, ""side_when_bear"": 1, ""slippage_pct"": 0.01, ""strong_slope_min"": 0.001, ""timeframe_minutes"": 60, ""tol_buy_hi"": 0.019139160250101858, ""tol_buy_lo"": 0.01, ""tol_sell_hi"": 0.01, ""tol_sell_lo"": 0.005, ""trail_atr_mult"": 3.3966737114197376, ""trend_ema_fast"": 50, ""trend_ema_slow"": 248}",57.5,22.08259849292147,13.533822154649734,-64.29134091952105,-60.31056720067136,138.1115336031383,1.3689971192323485,1.6420929881408963,1,1220.8259849292147
201,CompositeMomentumIndexStrategy,"{""roc_period"": 9, ""rsi_period"": 10, ""signal_threshold"": 0.8580552828391379, ""tsi_long"": 29, ""tsi_short"": 13}",57.5,20.982539351199804,13.533822154649734,-64.29134091952105,-57.10893400869155,128.92208777542695,1.2938074284310794,1.2040736284370679,3,1209.825393511998
380,DonchianChampionAggressiveStrategy,"{""ema_exit_days"": 3.0159964675324087, ""entry_days"": 11.0, ""exit_days"": 1.196145896342134, ""timeframe_minutes"": 5, ""trailing_drawdown_pct"": 0.024106142635423322}",56.75,5.641678711756404,13.533822154649734,-64.29134091952105,-18.067143573117338,26.951714557491236,0.8213982666792743,0.17207480474378256,13,1056.4167871175641
336,CompositeMomentumIndexStrategy,"{""roc_period"": 17, ""rsi_period"": 29, ""signal_threshold"": 0.7288736864376694, ""tsi_long"": 25, ""tsi_short"": 13}",56.68,19.373462760206817,13.533822154649734,-64.29134091952105,-57.10893400869155,115.9751747391399,1.2574400684572247,0.8216091248678205,2,1193.7346276020683
311,CompositeMomentumIndexStrategy,"{""roc_period"": 17, ""rsi_period"": 27, ""signal_threshold"": 0.8111250467893916, ""tsi_long"": 28, ""tsi_short"": 13}",56.68,19.373462760206817,13.533822154649734,-64.29134091952105,-57.10893400869155,115.9751747391399,1.2574400684572247,0.8216091248678205,2,1193.7346276020683
39,GridTradingStrategyV2Aggressive,"{""allow_bear_breakout_sell"": 1, ""atr_mult"": 1.7589840573851472, ""breakout_slope_min"": 0.002527456199553015, ""breakout_window"": 21, ""buy_spacing_mult_bear"": 1.0596572244708014, ""center_lookback"": 38, ""cooldown_bars"": 1, ""fee_pct"": 0.0025, ""min_edge_pct"": 0.00888387521609048, ""min_step_pct"": 0.02, ""min_strength"": 0.55, ""no_sell_above_ema_fast_in_bull"": 1, ""num_grids"": 11, ""recenter_dwell_bars"": 7, ""recenter_threshold_pct"": 0.2023367540061706, ""sell_spacing_mult_bull"": 1.1912786298728224, ""side_when_bear"": 1, ""slippage_pct"": 0.01, ""strong_slope_min"": 0.0017253163297143107, ""timeframe_minutes"": 60, ""tol_buy_hi"": 0.005, ""tol_buy_lo"": 0.010746316055842402, ""tol_sell_hi"": 0.01, ""tol_sell_lo"": 0.004024072350313379, ""trail_atr_mult"": 2.479328910081494, ""trend_ema_fast"": 22, ""trend_ema_slow"": 140}",56.52,19.198537303139517,13.533822154649734,-64.29134091952105,-64.29134091952105,114.60244667710656,1.3017604500284754,1.5395464967162666,7,1191.9853730313953
35,DonchianChampionAggressiveStrategy,"{""ema_exit_days"": 3.4742123606316415, ""entry_days"": 13.935077741377437, ""exit_days"": 2.040837336315776, ""timeframe_minutes"": 5, ""trailing_drawdown_pct"": 0.03248759627221831}",56.45,5.306610790480004,13.533822154649734,-64.29134091952105,-20.1675064283097,25.210185692685982,0.76717976717515,0.16218250753392355,10,1053.0661079048
358,Strategy_62_RSIAvgs,"{""ma_periods"": [5, 10, 20], ""overbought"": 96, ""oversold"": 39, ""rsi_period"": 50, ""signal_threshold"": 0.5136943226794509}",55.86,18.455590214638672,13.533822154649734,-64.29134091952105,-61.48942423633761,108.84686099032024,1.2938045667137117,1.5526941012800708,1,1184.5559021463866
108,Strategy_62_RSIAvgs,"{""ma_periods"": [5, 10, 20], ""overbought"": 78, ""oversold"": 30, ""rsi_period"": 19, ""signal_threshold"": 0.25923798440884893}",54.36,16.75578168114249,13.533822154649734,-64.29134091952105,-57.108934008691556,96.12552689039107,1.2153952764159859,1.2970823100005198,8,1167.5578168114248
60,DonchianChampionAggressiveStrategy,"{""ema_exit_days"": 3.0, ""entry_days"": 8.347328455900001, ""exit_days"": 1.6124321256017602, ""timeframe_minutes"": 5, ""trailing_drawdown_pct"": 0.4552152254307811}",54.24,9.863504119435639,13.533822154649734,-64.29134091952105,-21.6345452732002,50.53428953279342,0.9271923595096896,0.4836396609254405,6,1098.6350411943563
325,DonchianChampionAggressiveStrategy,"{""ema_exit_days"": 3.0, ""entry_days"": 8.247214284705688, ""exit_days"": 2.0, ""timeframe_minutes"": 5, ""trailing_drawdown_pct"": 0.48479174833936367}",53.16,9.162742422088899,13.533822154649734,-64.29134091952105,-22.863631449552592,46.40367851418807,0.8852033199664511,0.48541522601516685,6,1091.627424220889
300,DonchianChampionAggressiveStrategy,"{""ema_exit_days"": 3.0, ""entry_days"": 16.483593812348307, ""exit_days"": 2.5185937945320465, ""timeframe_minutes"": 5, ""trailing_drawdown_pct"": 0.8669933260896029}",53.11,10.570715262793072,13.533822154649734,-64.29134091952105,-24.829764596594806,54.79331639362606,0.982648070902635,0.4768995866487159,4,1105.7071526279308
212,CSMARevertStrategy,"{""entry_drop"": 0.14029590894052535, ""exit_up"": 0.6713634868817452, ""n_sma"": 721, ""rsi_max"": 32.0, ""rsi_period"": 14, ""timeframe_minutes"": 5}",52.9,15.110746507153362,13.533822154649734,-64.29134091952105,-57.87360978010502,84.39059314233792,1.1812222158986039,1.2883301242788043,2,1151.1074650715336
20,DonchianChampionAggressiveStrategy,"{""ema_exit_days"": 3.0, ""entry_days"": 7.566864170263764, ""exit_days"": 2.590058316863998, ""timeframe_minutes"": 5, ""trailing_drawdown_pct"": 0.2}",52.81,8.639351953903862,13.533822154649734,-64.29134091952105,-22.863796207126786,43.3759457596107,0.8540240977821182,0.49784378478701613,6,1086.3935195390386
244,GridTradingStrategyV2Aggressive,"{""allow_bear_breakout_sell"": 0, ""atr_mult"": 1.5088470443861743, ""breakout_slope_min"": 0.003644160303622948, ""breakout_window"": 25, ""buy_spacing_mult_bear"": 1.1924503291419553, ""center_lookback"": 28, ""cooldown_bars"": 2, ""fee_pct"": 0.0025, ""min_edge_pct"": 0.015075507346323005, ""min_step_pct"": 0.01621074776954091, ""min_strength"": 0.5390488353789707, ""no_sell_above_ema_fast_in_bull"": 0, ""num_grids"": 14, ""recenter_dwell_bars"": 6, ""recenter_threshold_pct"": 0.1982696070703256, ""sell_spacing_mult_bull"": 1.5107013760356995, ""side_when_bear"": 0, ""slippage_pct"": 0.01, ""strong_slope_min"": 0.005007337837848937, ""timeframe_minutes"": 60, ""tol_buy_hi"": 0.0184682129097508, ""tol_buy_lo"": 0.01, ""tol_sell_hi"": 0.019332772145451666, ""tol_sell_lo"": 0.005, ""trail_atr_mult"": 1.5354962507498617, ""trend_ema_fast"": 47, ""trend_ema_slow"": 352}",51.99,14.086227495167037,13.533822154649734,-64.29134091952105,-64.41155044744002,77.36035661117519,1.187622306978764,1.3990127504559733,7,1140.8622749516703
83,Strategy_62_RSIAvgs,"{""ma_periods"": [5, 10, 20], ""overbought"": 130, ""oversold"": 41, ""rsi_period"": 24, ""signal_threshold"": 0.5226684621940944}",51.82,13.898001859722942,13.533822154649734,-64.29134091952105,-62.9707401544823,76.0915267108583,1.1953792847733191,1.4364613392258718,1,1138.9800185972294
33,Strategy_62_RSIAvgs,"{""ma_periods"": [5, 10, 20], ""overbought"": 121, ""oversold"": 37, ""rsi_period"": 14, ""signal_threshold"": 0.7361650892456871}",51.81,13.877976778957368,13.533822154649734,-64.29134091952105,-62.97724874380415,75.95695006191096,1.1949628817426048,1.436194046775484,1,1138.7797677895737
58,Strategy_62_RSIAvgs,"{""ma_periods"": [5, 10, 20], ""overbought"": 70, ""oversold"": 59, ""rsi_period"": 36, ""signal_threshold"": 0.6}",51.71,7.089415405589783,13.533822154649734,-64.29134091952105,-59.56224962468607,34.6918679469904,1.003052201875271,1.1182360729969307,13,1070.8941540558978
203,Strategy_62_RSIAvgs,"{""ma_periods"": [5, 10, 20], ""overbought"": 126, ""oversold"": 30, ""rsi_period"": 16, ""signal_threshold"": 0.6}",51.65,13.703177748522876,13.533822154649734,-64.29134091952105,-63.03406225263708,74.78558965204378,1.1910995079132245,1.4316027681760377,1,1137.0317774852288
13,Strategy_62_RSIAvgs,"{""ma_periods"": [5, 10, 20], ""overbought"": 98, ""oversold"": 26, ""rsi_period"": 10, ""signal_threshold"": 0.49513141277395956}",51.65,13.703177748522876,13.533822154649734,-64.29134091952105,-63.03406225263708,74.78558965204378,1.1910995079132245,1.4316027681760377,1,1137.0317774852288
368,Strategy_62_RSIAvgs,"{""ma_periods"": [5, 10, 20], ""overbought"": 133, ""oversold"": 30, ""rsi_period"": 19, ""signal_threshold"": 0.45558983467554304}",51.65,13.703177748522876,13.533822154649734,-64.29134091952105,-63.03406225263708,74.78558965204378,1.1910995079132245,1.4316027681760377,1,1137.0317774852288
73,Strategy_62_RSIAvgs,"{""ma_periods"": [5, 10, 20], ""overbought"": 111, ""oversold"": 30, ""rsi_period"": 14, ""signal_threshold"": 0.517921749257779}",51.65,13.703177748522876,13.533822154649734,-64.29134091952105,-63.03406225263708,74.78558965204378,1.1910995079132245,1.4316027681760377,1,1137.0317774852288
258,Strategy_62_RSIAvgs,"{""ma_periods"": [5, 10, 20], ""overbought"": 114, ""oversold"": 30, ""rsi_period"": 17, ""signal_threshold"": 0.1681739389638105}",51.65,13.703177748522876,13.533822154649734,-64.29134091952105,-63.03406225263708,74.78558965204378,1.1910995079132245,1.4316027681760377,1,1137.0317774852288
93,Strategy_62_RSIAvgs,"{""ma_periods"": [5, 10, 20], ""overbought"": 138, ""oversold"": 30, ""rsi_period"": 15, ""signal_threshold"": 0.11156703682289737}",51.65,13.703177748522876,13.533822154649734,-64.29134091952105,-63.03406225263708,74.78558965204378,1.1910995079132245,1.4316027681760377,1,1137.0317774852288
183,Strategy_62_RSIAvgs,"{""ma_periods"": [5, 10, 20], ""overbought"": 135, ""oversold"": 29, ""rsi_period"": 7, ""signal_threshold"": 0.4895023453487951}",51.65,13.703177748522876,13.533822154649734,-64.29134091952105,-63.03406225263708,74.78558965204378,1.1910995079132245,1.4316027681760377,1,1137.0317774852288
8,Strategy_62_RSIAvgs,"{""ma_periods"": [5, 10, 20], ""overbought"": 99, ""oversold"": 27, ""rsi_period"": 14, ""signal_threshold"": 0.07119458503747755}",51.65,13.703177748522876,13.533822154649734,-64.29134091952105,-63.03406225263708,74.78558965204378,1.1910995079132245,1.4316027681760377,1,1137.0317774852288
378,Strategy_62_RSIAvgs,"{""ma_periods"": [5, 10, 20], ""overbought"": 117, ""oversold"": 34, ""rsi_period"": 22, ""signal_threshold"": 0.019967376020891492}",51.56,13.60431241708877,13.533822154649734,-64.29134091952105,-63.06619564815272,74.1257388253295,1.1889462525278884,1.4291211805458708,1,1136.0431241708877
68,Strategy_62_RSIAvgs,"{""ma_periods"": [5, 10, 20], ""overbought"": 137, ""oversold"": 31, ""rsi_period"": 14, ""signal_threshold"": 0.9556756541760699}",51.56,13.60431241708877,13.533822154649734,-64.29134091952105,-63.06619564815272,74.1257388253295,1.1889462525278884,1.4291211805458708,1,1136.0431241708877
189,GridTradingStrategyV2Aggressive,"{""allow_bear_breakout_sell"": 0, ""atr_mult"": 0.9480335688360862, ""breakout_slope_min"": 0.001788664539708054, ""breakout_window"": 67, ""buy_spacing_mult_bear"": 1.3445180377156443, ""center_lookback"": 22, ""cooldown_bars"": 1, ""fee_pct"": 0.0025, ""min_edge_pct"": 0.009102635081769533, ""min_step_pct"": 0.012097895008150145, ""min_strength"": 0.7092500419686929, ""no_sell_above_ema_fast_in_bull"": 1, ""num_grids"": 17, ""recenter_dwell_bars"": 7, ""recenter_threshold_pct"": 0.12, ""sell_spacing_mult_bull"": 1.7920574833063654, ""side_when_bear"": 0, ""slippage_pct"": 0.01, ""strong_slope_min"": 0.005677547917008755, ""timeframe_minutes"": 60, ""tol_buy_hi"": 0.01741079908569921, ""tol_buy_lo"": 0.013827467190754186, ""tol_sell_hi"": 0.016671528585648934, ""tol_sell_lo"": 0.005, ""trail_atr_mult"": 1.2964584970757633, ""trend_ema_fast"": 50, ""trend_ema_slow"": 208}",51.55,13.595136367749872,13.533822154649734,-64.29134091952105,-64.41155044744002,74.0645931035719,1.1765728619021698,1.3850002794093303,8,1135.9513636774986
308,Strategy_62_RSIAvgs,"{""ma_periods"": [5, 10, 20], ""overbought"": 112, ""oversold"": 43, ""rsi_period"": 24, ""signal_threshold"": 0.08274947529898846}",51.45,13.457828052099362,13.533822154649734,-64.29134091952105,-63.11380627129821,73.15159560815164,1.185632321871288,1.4247331938825627,1,1134.5782805209935
151,CompositeMomentumIndexStrategy,"{""roc_period"": 7, ""rsi_period"": 27, ""signal_threshold"": 0.7070865536324688, ""tsi_long"": 26, ""tsi_short"": 5}",51.4,13.390388219348438,13.533822154649734,-64.29134091952105,-57.108934008691556,72.70452382914637,1.0505045770728234,0.6864902816062253,2,1133.9038821934844
152,CSMARevertStrategy,"{""entry_drop"": 0.08579866304765393, ""exit_up"": 0.048, ""n_sma"": 509, ""rsi_max"": 24.370353050229266, ""rsi_period"": 44, ""timeframe_minutes"": 5}",51.29,12.523177160090393,13.533822154649734,-64.29134091952105,-39.08107586147348,67.0344260464226,1.023242599347076,0.4427407440746457,8,1125.231771600904
48,Strategy_62_RSIAvgs,"{""ma_periods"": [5, 10, 20], ""overbought"": 94, ""oversold"": 59, ""rsi_period"": 15, ""signal_threshold"": 0.2701708074096153}",51.18,13.055644260354748,13.533822154649734,-64.29134091952105,-64.40172219872676,70.49857984709058,1.175462971668641,1.4169190560525697,2,1130.5564426035476
363,Strategy_62_RSIAvgs,"{""ma_periods"": [5, 10, 20], ""overbought"": 92, ""oversold"": 59, ""rsi_period"": 14, ""signal_threshold"": 0.6371838436899724}",49.99,11.269282832076577,13.533822154649734,-64.29134091952105,-64.35612876269535,59.09078876357123,1.1355327039695076,1.3687417480554123,2,1112.6928283207658
3,Strategy_62_RSIAvgs,"{""ma_periods"": [5, 10, 20], ""overbought"": 105, ""oversold"": 57, ""rsi_period"": 9, ""signal_threshold"": 0.37625177397251786}",49.1,9.9242765242624,13.533822154649734,-64.29134091952105,-64.29134091952105,50.8966922737087,1.1067314115413427,1.3325299447259797,1,1099.242765242624
15,DonchianChampionAggressiveStrategy,"{""ema_exit_days"": 4.212338343731151, ""entry_days"": 5.503064668759972, ""exit_days"": 2.0, ""timeframe_minutes"": 5, ""trailing_drawdown_pct"": 0.6745140602802748}",49.03,9.2248573181948,13.533822154649734,-64.29134091952105,-31.210818841854028,46.76624520072246,0.8766435430236277,0.6117494049369909,8,1092.248573181948
28,Strategy_62_RSIAvgs,"{""ma_periods"": [5, 10, 20], ""overbought"": 138, ""oversold"": 48, ""rsi_period"": 22, ""signal_threshold"": 0.19843552558580135}",48.95,9.700993749548225,13.533822154649734,-64.29134091952105,-64.33485960495409,49.56848673711032,1.101300398054299,1.3244249456336974,1,1097.0099374954823
393,Strategy_62_RSIAvgs,"{""ma_periods"": [5, 10, 20], ""overbought"": 118, ""oversold"": 58, ""rsi_period"": 14, ""signal_threshold"": 0.6}",48.91,9.63555459207135,13.533822154649734,-64.29134091952105,-64.35612876269535,49.18093076280008,1.1000441652036448,1.3240662808355261,1,1096.3555459207134
199,GridTradingStrategyV2Aggressive,"{""allow_bear_breakout_sell"": 0, ""atr_mult"": 1.7127786104120717, ""breakout_slope_min"": 0.0036092365093957665, ""breakout_window"": 27, ""buy_spacing_mult_bear"": 1.2, ""center_lookback"": 21, ""cooldown_bars"": 1, ""fee_pct"": 0.0025, ""min_edge_pct"": 0.012171465336041281, ""min_step_pct"": 0.014795657895099732, ""min_strength"": 0.631459696960356, ""no_sell_above_ema_fast_in_bull"": 1, ""num_grids"": 17, ""recenter_dwell_bars"": 6, ""recenter_threshold_pct"": 0.12, ""sell_spacing_mult_bull"": 1.293567561249704, ""side_when_bear"": 1, ""slippage_pct"": 0.01, ""strong_slope_min"": 0.009591321404043274, ""timeframe_minutes"": 60, ""tol_buy_hi"": 0.017213878595646877, ""tol_buy_lo"": 0.01, ""tol_sell_hi"": 0.01, ""tol_sell_lo"": 0.015539087777369865, ""trail_atr_mult"": 1.5961480862972588, ""trend_ema_fast"": 50, ""trend_ema_slow"": 372}",48.91,9.642879816613359,13.533822154649734,-64.29134091952105,-64.29134091952105,49.22427509514746,1.0855537591257505,1.2785389296639231,8,1096.4287981661337
5,DonchianChampionAggressiveStrategy,"{""ema_exit_days"": 1.6651350088751484, ""entry_days"": 11.0, ""exit_days"": 2.0, ""timeframe_minutes"": 5, ""trailing_drawdown_pct"": 0.06847585363751274}",48.84,4.323854334118393,13.533822154649734,-64.29134091952105,-25.0779605720581,20.20819889667802,0.6211626258817933,0.1983631977491671,7,1043.238543341184
293,Strategy_62_RSIAvgs,"{""ma_periods"": [5, 10, 20], ""overbought"": 113, ""oversold"": 58, ""rsi_period"": 20, ""signal_threshold"": 0.30119847424473367}",48.81,9.495276538907916,13.533822154649734,-64.29134091952105,-64.40172219872676,48.35275554624901,1.0967473358421613,1.3198684721720346,1,1094.952765389079
313,Strategy_62_RSIAvgs,"{""ma_periods"": [5, 10, 20], ""overbought"": 105, ""oversold"": 57, ""rsi_period"": 14, ""signal_threshold"": 0.22589952836272587}",48.79,9.465037809048749,13.533822154649734,-64.29134091952105,-64.41155044744002,48.17469655894033,1.096135686502235,1.31942274043985,1,1094.6503780904875
243,Strategy_62_RSIAvgs,"{""ma_periods"": [5, 10, 20], ""overbought"": 99, ""oversold"": 53, ""rsi_period"": 20, ""signal_threshold"": 0.6}",48.79,9.465037809048749,13.533822154649734,-64.29134091952105,-64.41155044744002,48.17469655894033,1.096135686502235,1.31942274043985,1,1094.6503780904875
180,DonchianChampionAggressiveStrategy,"{""ema_exit_days"": 4.3861136024215615, ""entry_days"": 5.59014170223038, ""exit_days"": 2.0, ""timeframe_minutes"": 5, ""trailing_drawdown_pct"": 0.6750156323415352}",48.54,8.447777672780155,13.533822154649734,-64.29134091952105,-31.165439893259382,42.279858656024125,0.8419055136344227,0.5873886031212586,8,1084.4777767278015
150,DonchianChampionAggressiveStrategy,"{""ema_exit_days"": 4.1895045205353565, ""entry_days"": 5.7209038281725775, ""exit_days"": 1.7451551325072354, ""timeframe_minutes"": 5, ""trailing_drawdown_pct"": 0.16687657548668755}",46.61,7.832502030968236,13.533822154649734,-64.29134091952105,-34.19169071076167,38.803157734977844,0.8105032988433397,0.49312174412871745,8,1078.3250203096823
248,Strategy_62_RSIAvgs,"{""ma_periods"": [5, 10, 20], ""overbought"": 70, ""oversold"": 34, ""rsi_period"": 36, ""signal_threshold"": 0.13469861418625773}",46.6,5.417999758403069,13.533822154649734,-64.29134091952105,-62.97922402654509,25.787079784330658,0.8891349848346858,0.8357631324602297,9,1054.1799975840306
75,DonchianChampionAggressiveStrategy,"{""ema_exit_days"": 1.8387466149988236, ""entry_days"": 7.115618152619017, ""exit_days"": 1.5485866792186835, ""timeframe_minutes"": 5, ""trailing_drawdown_pct"": 0.5989510220926659}",46.18,5.499607960954478,13.533822154649734,-64.29134091952105,-31.963609682896365,26.211033828675422,0.686735899337703,0.37764863098734136,7,1054.9960796095447
131,CompositeMomentumIndexStrategy,"{""roc_period"": 14, ""rsi_period"": 21, ""signal_threshold"": 0.7, ""tsi_long"": 20, ""tsi_short"": 12}",45.66,10.76416860258751,13.533822154649734,-64.29134091952105,-57.108934008691556,55.974346889959726,0.956480835171944,0.624278288559214,2,1107.641686025875
398,Strategy_62_RSIAvgs,"{""ma_periods"": [5, 10, 20], ""overbought"": 40, ""oversold"": 60, ""rsi_period"": 41, ""signal_threshold"": 0.6}",45.65,3.9776350972734242,13.533822154649734,-64.29134091952105,-45.93998535680217,18.483197982111,0.7726412225141107,0.6906448299105311,38,1039.7763509727342
294,GridTradingStrategyV2Aggressive,"{""allow_bear_breakout_sell"": 0, ""atr_mult"": 0.7879791371566954, ""breakout_slope_min"": 0.004668789816944352, ""breakout_window"": 27, ""buy_spacing_mult_bear"": 1.2, ""center_lookback"": 36, ""cooldown_bars"": 6, ""fee_pct"": 0.0025, ""min_edge_pct"": 0.027624428550355084, ""min_step_pct"": 0.02, ""min_strength"": 0.5050006543959065, ""no_sell_above_ema_fast_in_bull"": 0, ""num_grids"": 9, ""recenter_dwell_bars"": 15, ""recenter_threshold_pct"": 0.21627452658624108, ""sell_spacing_mult_bull"": 1.442989343614097, ""side_when_bear"": 0, ""slippage_pct"": 0.01, ""strong_slope_min"": 0.007537127795776198, ""timeframe_minutes"": 60, ""tol_buy_hi"": 0.012163034608909483, ""tol_buy_lo"": 0.0062080952162673194, ""tol_sell_hi"": 0.011265571238064633, ""tol_sell_lo"": 0.008303253346527602, ""trail_atr_mult"": 2.162238701131883, ""trend_ema_fast"": 46, ""trend_ema_slow"": 288}",45.6,6.7461080108640825,13.533822154649734,-64.29134091952105,-34.77122824811325,32.824423192967366,0.7589612181110023,0.32053404204733554,1,1067.4610801086408
222,CSMARevertStrategy,"{""entry_drop"": 0.9877196320260462, ""exit_up"": 0.7030224183040827, ""n_sma"": 576, ""rsi_max"": 32.0, ""rsi_period"": 10, ""timeframe_minutes"": 5}",45.0,0.0,13.533822154649734,-64.29134091952105,0.0,0.0,0.0,0.0,0,1000.0
327,CSMARevertStrategy,"{""entry_drop"": 0.5394606560604333, ""exit_up"": 0.10950751230589839, ""n_sma"": 797, ""rsi_max"": 29.43554054621352, ""rsi_period"": 43, ""timeframe_minutes"": 5}",45.0,0.0,13.533822154649734,-64.29134091952105,0.0,0.0,0.0,0.0,0,1000.0
227,CSMARevertStrategy,"{""entry_drop"": 0.9860082937744681, ""exit_up"": 0.7407404635968412, ""n_sma"": 576, ""rsi_max"": 29.375895618531263, ""rsi_period"": 14, ""timeframe_minutes"": 5}",45.0,0.0,13.533822154649734,-64.29134091952105,0.0,0.0,0.0,0.0,0,1000.0
272,CSMARevertStrategy,"{""entry_drop"": 0.8798127712755257, ""exit_up"": 0.38748029196724143, ""n_sma"": 971, ""rsi_max"": 21.648703085756267, ""rsi_period"": 32, ""timeframe_minutes"": 5}",45.0,0.0,13.533822154649734,-64.29134091952105,0.0,0.0,0.0,0.0,0,1000.0
22,CSMARevertStrategy,"{""entry_drop"": 0.7848712083389466, ""exit_up"": 0.4231638274291065, ""n_sma"": 720, ""rsi_max"": 17.193262200855422, ""rsi_period"": 50, ""timeframe_minutes"": 5}",45.0,0.0,13.533822154649734,-64.29134091952105,0.0,0.0,0.0,0.0,0,1000.0
372,CSMARevertStrategy,"{""entry_drop"": 0.6081427335457718, ""exit_up"": 0.048, ""n_sma"": 842, ""rsi_max"": 45.652656979741245, ""rsi_period"": 8, ""timeframe_minutes"": 5}",45.0,0.0,13.533822154649734,-64.29134091952105,0.0,0.0,0.0,0.0,0,1000.0
162,CSMARevertStrategy,"{""entry_drop"": 0.8960390749341829, ""exit_up"": 0.7447199258272097, ""n_sma"": 576, ""rsi_max"": 47.76399718664304, ""rsi_period"": 14, ""timeframe_minutes"": 5}",45.0,0.0,13.533822154649734,-64.29134091952105,0.0,0.0,0.0,0.0,0,1000.0
157,CSMARevertStrategy,"{""entry_drop"": 0.36373440816489, ""exit_up"": 0.45466129563495505, ""n_sma"": 698, ""rsi_max"": 32.0, ""rsi_period"": 14, ""timeframe_minutes"": 5}",45.0,0.0,13.533822154649734,-64.29134091952105,0.0,0.0,0.0,0.0,0,1000.0
84,GridTradingStrategyV2Aggressive,"{""allow_bear_breakout_sell"": 0, ""atr_mult"": 0.6503004640544997, ""breakout_slope_min"": 0.0029951950801542383, ""breakout_window"": 51, ""buy_spacing_mult_bear"": 1.4170986678429993, ""center_lookback"": 20, ""cooldown_bars"": 2, ""fee_pct"": 0.0025, ""min_edge_pct"": 0.02, ""min_step_pct"": 0.01527637627877963, ""min_strength"": 0.6806272304642079, ""no_sell_above_ema_fast_in_bull"": 0, ""num_grids"": 10, ""recenter_dwell_bars"": 12, ""recenter_threshold_pct"": 0.12, ""sell_spacing_mult_bull"": 1.666814012435141, ""side_when_bear"": 2, ""slippage_pct"": 0.01, ""strong_slope_min"": 0.0013712330333295446, ""timeframe_minutes"": 60, ""tol_buy_hi"": 0.005, ""tol_buy_lo"": 0.01, ""tol_sell_hi"": 0.013160730290685176, ""tol_sell_lo"": 0.005240698988032083, ""trail_atr_mult"": 2.503858352015511, ""trend_ema_fast"": 23, ""trend_ema_slow"": 243}",45.0,0.0,13.533822154649734,-64.29134091952105,0.0,0.0,0.0,0.0,0,1000.0
224,GridTradingStrategyV2Aggressive,"{""allow_bear_breakout_sell"": 1, ""atr_mult"": 0.7468415756239528, ""breakout_slope_min"": 0.002357486919357383, ""breakout_window"": 45, ""buy_spacing_mult_bear"": 1.397748768100266, ""center_lookback"": 12, ""cooldown_bars"": 5, ""fee_pct"": 0.0025, ""min_edge_pct"": 0.026897134121246034, ""min_step_pct"": 0.013923026776717305, ""min_strength"": 0.6767523111976459, ""no_sell_above_ema_fast_in_bull"": 1, ""num_grids"": 15, ""recenter_dwell_bars"": 8, ""recenter_threshold_pct"": 0.12, ""sell_spacing_mult_bull"": 1.7509773491280884, ""side_when_bear"": 2, ""slippage_pct"": 0.01, ""strong_slope_min"": 0.001711728997134505, ""timeframe_minutes"": 60, ""tol_buy_hi"": 0.0024450828454474277, ""tol_buy_lo"": 0.010873828505280996, ""tol_sell_hi"": 0.011877540934505479, ""tol_sell_lo"": 0.01793075976919936, ""trail_atr_mult"": 3.3153617369616093, ""trend_ema_fast"": 67, ""trend_ema_slow"": 192}",45.0,0.0,13.533822154649734,-64.29134091952105,0.0,0.0,0.0,0.0,0,1000.0
322,CSMARevertStrategy,"{""entry_drop"": 0.9404028093120824, ""exit_up"": 0.048, ""n_sma"": 877, ""rsi_max"": 31.83217760556245, ""rsi_period"": 27, ""timeframe_minutes"": 5}",45.0,0.0,13.533822154649734,-64.29134091952105,0.0,0.0,0.0,0.0,0,1000.0
367,CSMARevertStrategy,"{""entry_drop"": 0.43979663072837705, ""exit_up"": 0.19449802891306278, ""n_sma"": 845, ""rsi_max"": 42.144410265908206, ""rsi_period"": 14, ""timeframe_minutes"": 5}",45.0,0.0,13.533822154649734,-64.29134091952105,0.0,0.0,0.0,0.0,0,1000.0
218,Strategy_62_RSIAvgs,"{""ma_periods"": [5, 10, 20], ""overbought"": 82, ""oversold"": 22, ""rsi_period"": 46, ""signal_threshold"": 0.5727422275451138}",45.0,0.0,13.533822154649734,-64.29134091952105,0.0,0.0,0.0,0.0,0,1000.0
32,CSMARevertStrategy,"{""entry_drop"": 0.6461016716912725, ""exit_up"": 0.5214516542834187, ""n_sma"": 866, ""rsi_max"": 47.46495969561663, ""rsi_period"": 39, ""timeframe_minutes"": 5}",45.0,0.0,13.533822154649734,-64.29134091952105,0.0,0.0,0.0,0.0,0,1000.0
27,CSMARevertStrategy,"{""entry_drop"": 0.47498092806137016, ""exit_up"": 0.9990481446948113, ""n_sma"": 576, ""rsi_max"": 43.13857909972873, ""rsi_period"": 22, ""timeframe_minutes"": 5}",45.0,0.0,13.533822154649734,-64.29134091952105,0.0,0.0,0.0,0.0,0,1000.0
92,CSMARevertStrategy,"{""entry_drop"": 0.9347929714009778, ""exit_up"": 0.8832510181039749, ""n_sma"": 488, ""rsi_max"": 27.856851996823465, ""rsi_period"": 37, ""timeframe_minutes"": 5}",45.0,0.0,13.533822154649734,-64.29134091952105,0.0,0.0,0.0,0.0,0,1000.0
342,CSMARevertStrategy,"{""entry_drop"": 0.8202078591105967, ""exit_up"": 0.9968511553793687, ""n_sma"": 822, ""rsi_max"": 23.614958695524344, ""rsi_period"": 40, ""timeframe_minutes"": 5}",45.0,0.0,13.533822154649734,-64.29134091952105,0.0,0.0,0.0,0.0,0,1000.0
362,CSMARevertStrategy,"{""entry_drop"": 0.417880649550056, ""exit_up"": 0.23213328658256394, ""n_sma"": 463, ""rsi_max"": 21.058199109136762, ""rsi_period"": 5, ""timeframe_minutes"": 5}",45.0,0.0,13.533822154649734,-64.29134091952105,0.0,0.0,0.0,0.0,0,1000.0
347,CSMARevertStrategy,"{""entry_drop"": 0.9920070657088121, ""exit_up"": 0.43073152666429537, ""n_sma"": 756, ""rsi_max"": 47.896575271633864, ""rsi_period"": 14, ""timeframe_minutes"": 5}",45.0,0.0,13.533822154649734,-64.29134091952105,0.0,0.0,0.0,0.0,0,1000.0
62,CSMARevertStrategy,"{""entry_drop"": 0.4258804247175636, ""exit_up"": 0.48249325009603705, ""n_sma"": 919, ""rsi_max"": 38.662546420010095, ""rsi_period"": 38, ""timeframe_minutes"": 5}",45.0,0.0,13.533822154649734,-64.29134091952105,0.0,0.0,0.0,0.0,0,1000.0
117,CSMARevertStrategy,"{""entry_drop"": 0.5565492345067338, ""exit_up"": 0.1703242861759271, ""n_sma"": 841, ""rsi_max"": 16.99828465365548, ""rsi_period"": 14, ""timeframe_minutes"": 5}",45.0,0.0,13.533822154649734,-64.29134091952105,0.0,0.0,0.0,0.0,0,1000.0
172,CSMARevertStrategy,"{""entry_drop"": 0.7694813658446772, ""exit_up"": 0.8484828522383282, ""n_sma"": 524, ""rsi_max"": 42.99265394986333, ""rsi_period"": 14, ""timeframe_minutes"": 5}",45.0,0.0,13.533822154649734,-64.29134091952105,0.0,0.0,0.0,0.0,0,1000.0
67,CSMARevertStrategy,"{""entry_drop"": 0.598415524731894, ""exit_up"": 0.18900070885946318, ""n_sma"": 624, ""rsi_max"": 47.58794156463182, ""rsi_period"": 14, ""timeframe_minutes"": 5}",45.0,0.0,13.533822154649734,-64.29134091952105,0.0,0.0,0.0,0.0,0,1000.0
352,CSMARevertStrategy,"{""entry_drop"": 0.8627180245218273, ""exit_up"": 0.15640616145631814, ""n_sma"": 704, ""rsi_max"": 32.0, ""rsi_period"": 6, ""timeframe_minutes"": 5}",45.0,0.0,13.533822154649734,-64.29134091952105,0.0,0.0,0.0,0.0,0,1000.0
192,CSMARevertStrategy,"{""entry_drop"": 0.8948740641731344, ""exit_up"": 0.5927540776317931, ""n_sma"": 576, ""rsi_max"": 19.688108891687932, ""rsi_period"": 48, ""timeframe_minutes"": 5}",45.0,0.0,13.533822154649734,-64.29134091952105,0.0,0.0,0.0,0.0,0,1000.0
187,CSMARevertStrategy,"{""entry_drop"": 0.4366763854381692, ""exit_up"": 0.5513510601034197, ""n_sma"": 877, ""rsi_max"": 31.289365819604267, ""rsi_period"": 45, ""timeframe_minutes"": 5}",45.0,0.0,13.533822154649734,-64.29134091952105,0.0,0.0,0.0,0.0,0,1000.0
182,CSMARevertStrategy,"{""entry_drop"": 0.45723917059570807, ""exit_up"": 0.4806516514684601, ""n_sma"": 982, ""rsi_max"": 32.0, ""rsi_period"": 45, ""timeframe_minutes"": 5}",45.0,0.0,13.533822154649734,-64.29134091952105,0.0,0.0,0.0,0.0,0,1000.0
232,CSMARevertStrategy,"{""entry_drop"": 0.9600442403621323, ""exit_up"": 0.9249527245132033, ""n_sma"": 990, ""rsi_max"": 34.379329516181485, ""rsi_period"": 37, ""timeframe_minutes"": 5}",45.0,0.0,13.533822154649734,-64.29134091952105,0.0,0.0,0.0,0.0,0,1000.0
127,CSMARevertStrategy,"{""entry_drop"": 0.8343031853672642, ""exit_up"": 0.685241946461296, ""n_sma"": 576, ""rsi_max"": 32.0, ""rsi_period"": 12, ""timeframe_minutes"": 5}",45.0,0.0,13.533822154649734,-64.29134091952105,0.0,0.0,0.0,0.0,0,1000.0
47,CSMARevertStrategy,"{""entry_drop"": 0.8553942214735166, ""exit_up"": 0.7199333406875473, ""n_sma"": 694, ""rsi_max"": 45.036346160693554, ""rsi_period"": 14, ""timeframe_minutes"": 5}",45.0,0.0,13.533822154649734,-64.29134091952105,0.0,0.0,0.0,0.0,0,1000.0
297,CSMARevertStrategy,"{""entry_drop"": 0.4248058394330204, ""exit_up"": 0.048, ""n_sma"": 791, ""rsi_max"": 30.4018890888996, ""rsi_period"": 9, ""timeframe_minutes"": 5}",45.0,0.0,13.533822154649734,-64.29134091952105,0.0,0.0,0.0,0.0,0,1000.0
277,CSMARevertStrategy,"{""entry_drop"": 0.6378199152555033, ""exit_up"": 0.6099853786530371, ""n_sma"": 576, ""rsi_max"": 22.495790255975788, ""rsi_period"": 32, ""timeframe_minutes"": 5}",45.0,0.0,13.533822154649734,-64.29134091952105,0.0,0.0,0.0,0.0,0,1000.0
42,CSMARevertStrategy,"{""entry_drop"": 0.4265861101801345, ""exit_up"": 0.21552138984266023, ""n_sma"": 484, ""rsi_max"": 34.422435946909445, ""rsi_period"": 9, ""timeframe_minutes"": 5}",45.0,0.0,13.533822154649734,-64.29134091952105,0.0,0.0,0.0,0.0,0,1000.0
137,CSMARevertStrategy,"{""entry_drop"": 0.3559262466340374, ""exit_up"": 0.31857296568265203, ""n_sma"": 406, ""rsi_max"": 22.530290866929832, ""rsi_period"": 14, ""timeframe_minutes"": 5}",45.0,0.0,13.533822154649734,-64.29134091952105,0.0,0.0,0.0,0.0,0,1000.0
37,CSMARevertStrategy,"{""entry_drop"": 0.5298865467968795, ""exit_up"": 0.28454643599194296, ""n_sma"": 346, ""rsi_max"": 34.87635472545378, ""rsi_period"": 19, ""timeframe_minutes"": 5}",45.0,0.0,13.533822154649734,-64.29134091952105,0.0,0.0,0.0,0.0,0,1000.0
43,Strategy_62_RSIAvgs,"{""ma_periods"": [5, 10, 20], ""overbought"": 114, ""oversold"": 20, ""rsi_period"": 45, ""signal_threshold"": 0.5916480189912837}",45.0,0.0,13.533822154649734,-64.29134091952105,0.0,0.0,0.0,0.0,0,1000.0
142,CSMARevertStrategy,"{""entry_drop"": 0.6003402555138635, ""exit_up"": 0.048, ""n_sma"": 418, ""rsi_max"": 32.0, ""rsi_period"": 23, ""timeframe_minutes"": 5}",45.0,0.0,13.533822154649734,-64.29134091952105,0.0,0.0,0.0,0.0,0,1000.0
287,CSMARevertStrategy,"{""entry_drop"": 0.6112933056369545, ""exit_up"": 0.9247489056280657, ""n_sma"": 576, ""rsi_max"": 32.0, ""rsi_period"": 9, ""timeframe_minutes"": 5}",45.0,0.0,13.533822154649734,-64.29134091952105,0.0,0.0,0.0,0.0,0,1000.0
288,Strategy_62_RSIAvgs,"{""ma_periods"": [5, 10, 20], ""overbought"": 70, ""oversold"": 20, ""rsi_period"": 30, ""signal_threshold"": 0.33435581321438435}",45.0,0.0,13.533822154649734,-64.29134091952105,0.0,0.0,0.0,0.0,0,1000.0
7,CSMARevertStrategy,"{""entry_drop"": 0.39306854202708774, ""exit_up"": 0.1202201661979454, ""n_sma"": 471, ""rsi_max"": 34.83589648273803, ""rsi_period"": 37, ""timeframe_minutes"": 5}",45.0,0.0,13.533822154649734,-64.29134091952105,0.0,0.0,0.0,0.0,0,1000.0
147,CSMARevertStrategy,"{""entry_drop"": 0.6138536777219433, ""exit_up"": 0.33550686059756607, ""n_sma"": 904, ""rsi_max"": 33.40521279197077, ""rsi_period"": 20, ""timeframe_minutes"": 5}",45.0,0.0,13.533822154649734,-64.29134091952105,0.0,0.0,0.0,0.0,0,1000.0
252,CSMARevertStrategy,"{""entry_drop"": 0.3724134862774783, ""exit_up"": 0.847878347539068, ""n_sma"": 357, ""rsi_max"": 45.95744656888937, ""rsi_period"": 34, ""timeframe_minutes"": 5}",45.0,0.0,13.533822154649734,-64.29134091952105,0.0,0.0,0.0,0.0,0,1000.0
112,CSMARevertStrategy,"{""entry_drop"": 0.9827470527670843, ""exit_up"": 0.8683980600238327, ""n_sma"": 727, ""rsi_max"": 16.77217003304423, ""rsi_period"": 14, ""timeframe_minutes"": 5}",45.0,0.0,13.533822154649734,-64.29134091952105,0.0,0.0,0.0,0.0,0,1000.0
52,CSMARevertStrategy,"{""entry_drop"": 0.7583991285721163, ""exit_up"": 0.048, ""n_sma"": 983, ""rsi_max"": 32.0, ""rsi_period"": 32, ""timeframe_minutes"": 5}",45.0,0.0,13.533822154649734,-64.29134091952105,0.0,0.0,0.0,0.0,0,1000.0
377,CSMARevertStrategy,"{""entry_drop"": 0.3946964849044934, ""exit_up"": 0.048, ""n_sma"": 598, ""rsi_max"": 44.81098955860456, ""rsi_period"": 45, ""timeframe_minutes"": 5}",45.0,0.0,13.533822154649734,-64.29134091952105,0.0,0.0,0.0,0.0,0,1000.0
237,CSMARevertStrategy,"{""entry_drop"": 0.6369917394861018, ""exit_up"": 0.1064235980434185, ""n_sma"": 576, ""rsi_max"": 46.268678447760124, ""rsi_period"": 14, ""timeframe_minutes"": 5}",45.0,0.0,13.533822154649734,-64.29134091952105,0.0,0.0,0.0,0.0,0,1000.0
392,CSMARevertStrategy,"{""entry_drop"": 0.36230216812860827, ""exit_up"": 0.5135754257338135, ""n_sma"": 576, ""rsi_max"": 19.551747490141096, ""rsi_period"": 42, ""timeframe_minutes"": 5}",45.0,0.0,13.533822154649734,-64.29134091952105,0.0,0.0,0.0,0.0,0,1000.0
17,CSMARevertStrategy,"{""entry_drop"": 0.5664282200087137, ""exit_up"": 0.20537848286549776, ""n_sma"": 723, ""rsi_max"": 24.924867798346625, ""rsi_period"": 28, ""timeframe_minutes"": 5}",45.0,0.0,13.533822154649734,-64.29134091952105,0.0,0.0,0.0,0.0,0,1000.0
302,CSMARevertStrategy,"{""entry_drop"": 0.5163944638073283, ""exit_up"": 0.6855747098000194, ""n_sma"": 422, ""rsi_max"": 44.512309406299735, ""rsi_period"": 26, ""timeframe_minutes"": 5}",45.0,0.0,13.533822154649734,-64.29134091952105,0.0,0.0,0.0,0.0,0,1000.0
307,CSMARevertStrategy,"{""entry_drop"": 0.7124020720443317, ""exit_up"": 0.19059334604876488, ""n_sma"": 576, ""rsi_max"": 46.10771608939172, ""rsi_period"": 19, ""timeframe_minutes"": 5}",45.0,0.0,13.533822154649734,-64.29134091952105,0.0,0.0,0.0,0.0,0,1000.0
56,CompositeMomentumIndexStrategy,"{""roc_period"": 12, ""rsi_period"": 6, ""signal_threshold"": 0.23332375605383204, ""tsi_long"": 18, ""tsi_short"": 12}",44.87,2.8194831542978305,13.533822154649734,-64.29134091952105,-57.10893400869155,12.850967128546277,0.812233593738829,0.7877142290446242,9,1028.1948315429784
316,CompositeMomentumIndexStrategy,"{""roc_period"": 19, ""rsi_period"": 28, ""signal_threshold"": 0.5775057307308984, ""tsi_long"": 18, ""tsi_short"": 5}",44.86,9.564747727857092,13.533822154649734,-64.29134091952105,-57.10893400869155,48.76245664885437,0.9130160659865857,0.5954678461457605,2,1095.647477278571
396,CompositeMomentumIndexStrategy,"{""roc_period"": 15, ""rsi_period"": 23, ""signal_threshold"": 0.5678638350787848, ""tsi_long"": 25, ""tsi_short"": 13}",44.86,9.564747727857092,13.533822154649734,-64.29134091952105,-57.10893400869155,48.76245664885437,0.9130160659865857,0.5954678461457605,2,1095.647477278571
206,CompositeMomentumIndexStrategy,"{""roc_period"": 14, ""rsi_period"": 22, ""signal_threshold"": 0.5511706135046918, ""tsi_long"": 40, ""tsi_short"": 6}",44.86,9.564747727857092,13.533822154649734,-64.29134091952105,-57.10893400869155,48.76245664885437,0.9130160659865857,0.5954678461457605,2,1095.647477278571
46,CompositeMomentumIndexStrategy,"{""roc_period"": 12, ""rsi_period"": 22, ""signal_threshold"": 0.6676682296369006, ""tsi_long"": 25, ""tsi_short"": 20}",44.86,9.564747727857092,13.533822154649734,-64.29134091952105,-57.10893400869155,48.76245664885437,0.9130160659865857,0.5954678461457605,2,1095.647477278571
41,CompositeMomentumIndexStrategy,"{""roc_period"": 10, ""rsi_period"": 25, ""signal_threshold"": 0.24047009976822234, ""tsi_long"": 40, ""tsi_short"": 6}",44.86,9.564747727857092,13.533822154649734,-64.29134091952105,-57.10893400869155,48.76245664885437,0.9130160659865857,0.5954678461457605,2,1095.647477278571
71,CompositeMomentumIndexStrategy,"{""roc_period"": 15, ""rsi_period"": 21, ""signal_threshold"": 0.7726823435888671, ""tsi_long"": 40, ""tsi_short"": 7}",44.86,9.564747727857092,13.533822154649734,-64.29134091952105,-57.10893400869155,48.76245664885437,0.9130160659865857,0.5954678461457605,2,1095.647477278571
216,CompositeMomentumIndexStrategy,"{""roc_period"": 16, ""rsi_period"": 20, ""signal_threshold"": 0.4691143962377983, ""tsi_long"": 34, ""tsi_short"": 19}",44.86,9.564747727857092,13.533822154649734,-64.29134091952105,-57.10893400869155,48.76245664885437,0.9130160659865857,0.5954678461457605,2,1095.647477278571
256,CompositeMomentumIndexStrategy,"{""roc_period"": 10, ""rsi_period"": 22, ""signal_threshold"": 0.16285088679073467, ""tsi_long"": 30, ""tsi_short"": 10}",44.86,9.564747727857092,13.533822154649734,-64.29134091952105,-57.10893400869155,48.76245664885437,0.9130160659865857,0.5954678461457605,2,1095.647477278571
181,CompositeMomentumIndexStrategy,"{""roc_period"": 10, ""rsi_period"": 26, ""signal_threshold"": 0.7, ""tsi_long"": 25, ""tsi_short"": 12}",44.86,9.564747727857092,13.533822154649734,-64.29134091952105,-57.10893400869155,48.76245664885437,0.9130160659865857,0.5954678461457605,2,1095.647477278571
241,CompositeMomentumIndexStrategy,"{""roc_period"": 15, ""rsi_period"": 26, ""signal_threshold"": 0.7, ""tsi_long"": 24, ""tsi_short"": 5}",44.86,9.564747727857092,13.533822154649734,-64.29134091952105,-57.10893400869155,48.76245664885437,0.9130160659865857,0.5954678461457605,2,1095.647477278571
29,GridTradingStrategyV2Aggressive,"{""allow_bear_breakout_sell"": 0, ""atr_mult"": 1.0365348221908877, ""breakout_slope_min"": 0.004026232759055102, ""breakout_window"": 20, ""buy_spacing_mult_bear"": 1.472466028738965, ""center_lookback"": 20, ""cooldown_bars"": 4, ""fee_pct"": 0.0025, ""min_edge_pct"": 0.023905851562253687, ""min_step_pct"": 0.012258532587556029, ""min_strength"": 0.55, ""no_sell_above_ema_fast_in_bull"": 1, ""num_grids"": 10, ""recenter_dwell_bars"": 11, ""recenter_threshold_pct"": 0.13245820942845343, ""sell_spacing_mult_bull"": 1.2047765409992492, ""side_when_bear"": 2, ""slippage_pct"": 0.01, ""strong_slope_min"": 0.003515726961794417, ""timeframe_minutes"": 60, ""tol_buy_hi"": 0.0053126434536436805, ""tol_buy_lo"": 0.018953626045091106, ""tol_sell_hi"": 0.01, ""tol_sell_lo"": 0.0189764376331086, ""trail_atr_mult"": 2.0, ""trend_ema_fast"": 73, ""trend_ema_slow"": 129}",44.16,4.577347827821732,13.533822154649734,-64.29134091952105,-34.77122824811324,21.48341724184233,0.628072122925993,0.2658727249074837,1,1045.7734782782172
299,GridTradingStrategyV2Aggressive,"{""allow_bear_breakout_sell"": 1, ""atr_mult"": 0.8788655230108529, ""breakout_slope_min"": 0.0033019940054493276, ""breakout_window"": 10, ""buy_spacing_mult_bear"": 1.1075073999389051, ""center_lookback"": 20, ""cooldown_bars"": 3, ""fee_pct"": 0.0025, ""min_edge_pct"": 0.019197886220698446, ""min_step_pct"": 0.016851336916699634, ""min_strength"": 0.7903158093719314, ""no_sell_above_ema_fast_in_bull"": 1, ""num_grids"": 10, ""recenter_dwell_bars"": 16, ""recenter_threshold_pct"": 0.1380812970837929, ""sell_spacing_mult_bull"": 1.4335654136745992, ""side_when_bear"": 1, ""slippage_pct"": 0.01, ""strong_slope_min"": 0.0089695599831528, ""timeframe_minutes"": 60, ""tol_buy_hi"": 0.003585177816680888, ""tol_buy_lo"": 0.01674162719339101, ""tol_sell_hi"": 0.011374203258761557, ""tol_sell_lo"": 0.004176137100743167, ""trail_atr_mult"": 2.232545523704699, ""trend_ema_fast"": 29, ""trend_ema_slow"": 278}",44.16,4.58624975762949,13.533822154649734,-64.29134091952105,-34.77122824811325,21.528387598707543,0.6285792558402139,0.26595379312160944,1,1045.8624975762948
364,GridTradingStrategyV2Aggressive,"{""allow_bear_breakout_sell"": 0, ""atr_mult"": 0.7631082020072997, ""breakout_slope_min"": 0.0005, ""breakout_window"": 29, ""buy_spacing_mult_bear"": 1.325129198914786, ""center_lookback"": 12, ""cooldown_bars"": 2, ""fee_pct"": 0.0025, ""min_edge_pct"": 0.017881990892308776, ""min_step_pct"": 0.014618579680708487, ""min_strength"": 0.6882841933400017, ""no_sell_above_ema_fast_in_bull"": 0, ""num_grids"": 10, ""recenter_dwell_bars"": 7, ""recenter_threshold_pct"": 0.21056214588045846, ""sell_spacing_mult_bull"": 1.4280138477701232, ""side_when_bear"": 2, ""slippage_pct"": 0.01, ""strong_slope_min"": 0.005019568434830583, ""timeframe_minutes"": 60, ""tol_buy_hi"": 0.005, ""tol_buy_lo"": 0.018176588159888214, ""tol_sell_hi"": 0.014897418198681012, ""tol_sell_lo"": 0.017457351076714415, ""trail_atr_mult"": 3.448532955675386, ""trend_ema_fast"": 62, ""trend_ema_slow"": 200}",44.16,4.577347827821732,13.533822154649734,-64.29134091952105,-34.77122824811324,21.48341724184233,0.628072122925993,0.2658727249074837,1,1045.7734782782172
349,GridTradingStrategyV2Aggressive,"{""allow_bear_breakout_sell"": 0, ""atr_mult"": 1.126933024030964, ""breakout_slope_min"": 0.0007013035972934491, ""breakout_window"": 40, ""buy_spacing_mult_bear"": 1.2, ""center_lookback"": 24, ""cooldown_bars"": 2, ""fee_pct"": 0.0025, ""min_edge_pct"": 0.02593714472025903, ""min_step_pct"": 0.016855221968891807, ""min_strength"": 0.5096408465395461, ""no_sell_above_ema_fast_in_bull"": 1, ""num_grids"": 10, ""recenter_dwell_bars"": 15, ""recenter_threshold_pct"": 0.19000173716150906, ""sell_spacing_mult_bull"": 1.3, ""side_when_bear"": 2, ""slippage_pct"": 0.01, ""strong_slope_min"": 0.0011649593887459982, ""timeframe_minutes"": 60, ""tol_buy_hi"": 0.008554764999497158, ""tol_buy_lo"": 0.014765869378538004, ""tol_sell_hi"": 0.019306151253826415, ""tol_sell_lo"": 0.010108195847592188, ""trail_atr_mult"": 1.9919594396301503, ""trend_ema_fast"": 62, ""trend_ema_slow"": 249}",44.16,4.577347827821732,13.533822154649734,-64.29134091952105,-34.77122824811324,21.48341724184233,0.628072122925993,0.2658727249074837,1,1045.7734782782172
281,CompositeMomentumIndexStrategy,"{""roc_period"": 8, ""rsi_period"": 20, ""signal_threshold"": 0.7156909414534154, ""tsi_long"": 25, ""tsi_short"": 18}",43.6,7.671237845358214,13.533822154649734,-64.29134091952105,-57.108934008691556,37.902828970638325,0.8432584582037334,0.5498445868851201,2,1076.7123784535822
260,DonchianChampionAggressiveStrategy,"{""ema_exit_days"": 2.1342983170501615, ""entry_days"": 8.447806074965008, ""exit_days"": 2.7032121959531237, ""timeframe_minutes"": 5, ""trailing_drawdown_pct"": 0.2}",42.67,1.50601677566089,13.533822154649734,-64.29134091952105,-25.114983777036947,6.715382123608826,0.4653670223600917,0.2647535419393958,6,1015.060167756609
141,CompositeMomentumIndexStrategy,"{""roc_period"": 10, ""rsi_period"": 7, ""signal_threshold"": 0.7, ""tsi_long"": 38, ""tsi_short"": 13}",42.41,5.882086196389391,13.533822154649734,-64.29134091952105,-57.10893400869155,28.21268951801279,0.8650092968039519,0.7587851052427267,5,1058.820861963894
146,CompositeMomentumIndexStrategy,"{""roc_period"": 11, ""rsi_period"": 7, ""signal_threshold"": 0.7, ""tsi_long"": 22, ""tsi_short"": 19}",42.23,5.616095511438224,13.533822154649734,-64.29134091952105,-57.10893400869155,26.818091013590827,0.8569198462058218,0.7516858948634014,5,1056.1609551143822
78,Strategy_62_RSIAvgs,"{""ma_periods"": [5, 10, 20], ""overbought"": 42, ""oversold"": 28, ""rsi_period"": 50, ""signal_threshold"": 0.7211946180351699}",41.25,-0.844398317895878,13.533822154649734,-64.29134091952105,-13.538320075691047,-3.619982224446061,0.06295762116190282,0.011651506554098419,4,991.5560168210412
31,CompositeMomentumIndexStrategy,"{""roc_period"": 8, ""rsi_period"": 19, ""signal_threshold"": 0.2042567570833228, ""tsi_long"": 21, ""tsi_short"": 15}",40.81,3.4761401661336233,13.533822154649734,-64.29134091952105,-57.10893400869155,16.01842561316107,0.6850388780740901,0.44592230470522704,2,1034.7614016613363
312,CSMARevertStrategy,"{""entry_drop"": 0.06328058832977645, ""exit_up"": 0.33238481086213756, ""n_sma"": 480, ""rsi_max"": 32.0, ""rsi_period"": 22, ""timeframe_minutes"": 5}",39.96,2.1931994315297576,13.533822154649734,-64.29134091952105,-57.87360978010503,9.89246410735809,0.889091902958781,1.0316818294320234,2,1021.9319943152976
106,CompositeMomentumIndexStrategy,"{""roc_period"": 7, ""rsi_period"": 16, ""signal_threshold"": 0.18397431561710031, ""tsi_long"": 38, ""tsi_short"": 18}",39.62,1.6878249649592503,13.533822154649734,-64.29134091952105,-57.108934008691556,7.548970505514063,0.6156151511903505,0.4006416878491491,2,1016.8782496495926
176,CompositeMomentumIndexStrategy,"{""roc_period"": 6, ""rsi_period"": 18, ""signal_threshold"": 0.4842295508830762, ""tsi_long"": 34, ""tsi_short"": 5}",39.59,1.6420081586032031,13.533822154649734,-64.29134091952105,-57.108934008691556,7.338430109529082,0.6139862056224268,0.39933509108840776,2,1016.4200815860321
26,CompositeMomentumIndexStrategy,"{""roc_period"": 5, ""rsi_period"": 14, ""signal_threshold"": 0.6655199772251053, ""tsi_long"": 16, ""tsi_short"": 18}",39.59,1.6420081586032031,13.533822154649734,-64.29134091952105,-57.108934008691556,7.338430109529082,0.6139862056224268,0.39933509108840776,2,1016.4200815860321
177,CSMARevertStrategy,"{""entry_drop"": 0.028053877026150253, ""exit_up"": 0.34155385954357187, ""n_sma"": 769, ""rsi_max"": 32.0, ""rsi_period"": 32, ""timeframe_minutes"": 5}",39.3,1.2035132096319678,13.533822154649734,-64.29134091952105,-57.10893400869155,5.339441728655103,0.8470730087634055,0.9568347529685239,2,1012.0351320963197
74,GridTradingStrategyV2Aggressive,"{""allow_bear_breakout_sell"": 1, ""atr_mult"": 1.0, ""breakout_slope_min"": 0.0035312575858021705, ""breakout_window"": 20, ""buy_spacing_mult_bear"": 1.2174006006352522, ""center_lookback"": 39, ""cooldown_bars"": 5, ""fee_pct"": 0.0025, ""min_edge_pct"": 0.019447867952407154, ""min_step_pct"": 0.014007671649473254, ""min_strength"": 0.48278615526894575, ""no_sell_above_ema_fast_in_bull"": 1, ""num_grids"": 10, ""recenter_dwell_bars"": 6, ""recenter_threshold_pct"": 0.18417559722321988, ""sell_spacing_mult_bull"": 1.3, ""side_when_bear"": 2, ""slippage_pct"": 0.01, ""strong_slope_min"": 0.004151387187718349, ""timeframe_minutes"": 60, ""tol_buy_hi"": 0.0022462478866576295, ""tol_buy_lo"": 0.01, ""tol_sell_hi"": 0.012127075951748615, ""tol_sell_lo"": 0.01209417320907095, ""trail_atr_mult"": 2.0, ""trend_ema_fast"": 37, ""trend_ema_slow"": 120}",38.57,2.3120568260491137,13.533822154649734,-64.29134091952105,-34.77122824811325,10.449288895983045,0.4894944248695345,0.20649587297806657,1,1023.1205682604912
155,DonchianChampionAggressiveStrategy,"{""ema_exit_days"": 2.270016874689618, ""entry_days"": 11.0, ""exit_days"": 2.0, ""timeframe_minutes"": 5, ""trailing_drawdown_pct"": 0.0355466501762296}",33.7,-2.3988511686407143,13.533822154649734,-64.29134091952105,-20.167559423948912,-10.019410580877096,-0.06280630467053233,-0.01421649507191744,11,976.0114883135928
128,Strategy_62_RSIAvgs,"{""ma_periods"": [5, 10, 20], ""overbought"": 79, ""oversold"": 36, ""rsi_period"": 50, ""signal_threshold"": 0.045725227138584734}",32.88,-3.736425207455396,13.533822154649734,-64.29134091952105,-61.148065128322095,-15.25953753029251,0.7448761157277124,0.8709239814032765,2,962.635747925446
171,CompositeMomentumIndexStrategy,"{""roc_period"": 5, ""rsi_period"": 5, ""signal_threshold"": 0.44436251131873483, ""tsi_long"": 29, ""tsi_short"": 13}",32.42,-5.27065970159859,13.533822154649734,-64.29134091952105,-57.10893400869155,-20.97727802175573,0.5600857703935486,0.5394338763646012,7,947.293402984014
195,DonchianChampionAggressiveStrategy,"{""ema_exit_days"": 4.366270932833646, ""entry_days"": 8.398835422245195, ""exit_days"": 2.3108648422578795, ""timeframe_minutes"": 5, ""trailing_drawdown_pct"": 0.03483186526073456}",32.25,-7.20335053419725,13.533822154649734,-64.29134091952105,-20.17373281659345,-27.751850790980072,-0.5343810199123797,-0.13102817201935454,13,927.9664946580275
263,Strategy_62_RSIAvgs,"{""ma_periods"": [5, 10, 20], ""overbought"": 89, ""oversold"": 26, ""rsi_period"": 13, ""signal_threshold"": 0.3261843524343301}",31.51,-8.28617168840794,13.533822154649734,-64.29134091952105,-63.03406225263708,-31.346555696221923,0.6203788633885952,0.7293976751044264,2,917.1382831159206
235,DonchianChampionAggressiveStrategy,"{""ema_exit_days"": 2.0386933757481205, ""entry_days"": 9.115403188589388, ""exit_days"": 1.1301525167292688, ""timeframe_minutes"": 5, ""trailing_drawdown_pct"": 0.09922381025894256}",31.31,-4.350097133535336,13.533822154649734,-64.29134091952105,-26.777667238145696,-17.583502862639477,-0.13568246514983412,-0.042472935863869875,7,956.4990286646466
335,DonchianChampionAggressiveStrategy,"{""ema_exit_days"": 2.416497504358965, ""entry_days"": 7.233299722809194, ""exit_days"": 2.0, ""timeframe_minutes"": 5, ""trailing_drawdown_pct"": 0.40707396227820547}",31.29,-1.6735924681072545,13.533822154649734,-64.29134091952105,-33.656057777309556,-7.075748083552091,0.3281219808499802,0.21424924079567753,7,983.2640753189274
264,GridTradingStrategyV2Aggressive,"{""allow_bear_breakout_sell"": 0, ""atr_mult"": 1.0, ""breakout_slope_min"": 0.0005, ""breakout_window"": 66, ""buy_spacing_mult_bear"": 1.127024406650647, ""center_lookback"": 14, ""cooldown_bars"": 0, ""fee_pct"": 0.0025, ""min_edge_pct"": 0.023351305149980205, ""min_step_pct"": 0.013496206187135316, ""min_strength"": 0.5342106810339147, ""no_sell_above_ema_fast_in_bull"": 1, ""num_grids"": 10, ""recenter_dwell_bars"": 16, ""recenter_threshold_pct"": 0.23012216712769512, ""sell_spacing_mult_bull"": 1.3, ""side_when_bear"": 1, ""slippage_pct"": 0.01, ""strong_slope_min"": 0.006105040978763075, ""timeframe_minutes"": 60, ""tol_buy_hi"": 0.008958008729789444, ""tol_buy_lo"": 0.01, ""tol_sell_hi"": 0.0058288770181348076, ""tol_sell_lo"": 0.005, ""trail_atr_mult"": 2.4805979965045797, ""trend_ema_fast"": 64, ""trend_ema_slow"": 239}",31.18,-0.6628356704681648,13.533822154649734,-64.29134091952105,-34.77122824811326,-2.8502701672704633,0.3449651556519531,0.17370876428461438,1,993.3716432953183
296,CompositeMomentumIndexStrategy,"{""roc_period"": 7, ""rsi_period"": 5, ""signal_threshold"": 0.7, ""tsi_long"": 22, ""tsi_short"": 10}",31.13,-4.551883383777056,13.533822154649734,-64.29134091952105,-57.108934008691556,-18.336837861143874,0.5480941155832894,0.5139044723970039,10,954.4811661622294
240,DonchianChampionAggressiveStrategy,"{""ema_exit_days"": 2.8395820352342787, ""entry_days"": 11.0, ""exit_days"": 2.881827289412936, ""timeframe_minutes"": 5, ""trailing_drawdown_pct"": 0.014895210787303492}",30.7,-9.206835120872958,13.533822154649734,-64.29134091952105,-22.083702139623206,-34.293196031064056,-1.0002248833999061,-0.18459624764981641,18,907.9316487912704
242,CSMARevertStrategy,"{""entry_drop"": 0.11207700932977427, ""exit_up"": 0.048, ""n_sma"": 929, ""rsi_max"": 32.0, ""rsi_period"": 14, ""timeframe_minutes"": 5}",28.22,-3.4771696887201164,13.533822154649734,-64.29134091952105,-48.32407038925152,-14.26272036720314,0.40815803087416785,0.24154937474970478,8,965.2283031127988
140,DonchianChampionAggressiveStrategy,"{""ema_exit_days"": 1.667068645760361, ""entry_days"": 7.378398554368336, ""exit_days"": 2.6770429972640213, ""timeframe_minutes"": 5, ""trailing_drawdown_pct"": 0.725285567024429}",27.8,-5.254389752233724,13.533822154649734,-64.29134091952105,-35.42166934708453,-20.91824711598583,0.13594523130595385,0.08945108829065203,7,947.4561024776627
200,DonchianChampionAggressiveStrategy,"{""ema_exit_days"": 3.0, ""entry_days"": 9.097280755759103, ""exit_days"": 2.059747351666815, ""timeframe_minutes"": 5, ""trailing_drawdown_pct"": 0.1482462416007988}",26.72,-10.064590419317875,13.533822154649734,-64.29134091952105,-32.530601844142396,-36.94993876566118,-0.49942881233883885,-0.19508736351772255,6,899.3540958068212
273,Strategy_62_RSIAvgs,"{""ma_periods"": [5, 10, 20], ""overbought"": 70, ""oversold"": 31, ""rsi_period"": 48, ""signal_threshold"": 0.9035173553325979}",25.82,-8.104183540698761,13.533822154649734,-64.29134091952105,-57.108934008691556,-30.752244354667546,0.280936319080855,0.20238895762946377,3,918.9581645930124
331,CompositeMomentumIndexStrategy,"{""roc_period"": 10, ""rsi_period"": 6, ""signal_threshold"": 0.16303211139491294, ""tsi_long"": 28, ""tsi_short"": 11}",25.59,-11.162545122762445,13.533822154649734,-64.29134091952105,-57.10893400869155,-40.22906830304818,0.3679576001586354,0.35447755577332846,7,888.3745487723755
371,CompositeMomentumIndexStrategy,"{""roc_period"": 9, ""rsi_period"": 7, ""signal_threshold"": 0.5807627853951809, ""tsi_long"": 40, ""tsi_short"": 11}",24.63,-11.42830240483448,13.533822154649734,-64.29134091952105,-57.10893400869155,-41.00264739576078,0.25755958860980205,0.21405495699406393,4,885.7169759516552
65,DonchianChampionAggressiveStrategy,"{""ema_exit_days"": 3.0252301458864785, ""entry_days"": 7.574685920259458, ""exit_days"": 2.4141335877009134, ""timeframe_minutes"": 5, ""trailing_drawdown_pct"": 0.13930335391027138}",24.44,-18.36040551819237,13.533822154649734,-64.29134091952105,-32.1043190159887,-58.606245581512404,-0.9933299073964241,-0.48302120450370584,8,816.3959448180763
323,Strategy_62_RSIAvgs,"{""ma_periods"": [5, 10, 20], ""overbought"": 70, ""oversold"": 33, ""rsi_period"": 50, ""signal_threshold"": 0.6}",24.38,-10.392775467383453,13.533822154649734,-64.29134091952105,-57.108934008691556,-37.94424677410424,0.18737143018447885,0.13490458586275209,3,896.0722453261654
332,CSMARevertStrategy,"{""entry_drop"": 0.18517527550284918, ""exit_up"": 0.048, ""n_sma"": 380, ""rsi_max"": 42.457576961489494, ""rsi_period"": 20, ""timeframe_minutes"": 5}",23.97,-8.303175878437209,13.533822154649734,-64.29134091952105,-39.08107586147348,-31.40188428158477,-0.1753770982356775,-0.0496091564149317,3,916.9682412156279
76,CompositeMomentumIndexStrategy,"{""roc_period"": 19, ""rsi_period"": 6, ""signal_threshold"": 0.5261145328551968, ""tsi_long"": 25, ""tsi_short"": 9}",23.72,-11.86289179801092,13.533822154649734,-64.29134091952105,-57.108934008691556,-42.251034718147096,0.34729387415057655,0.33372797874837273,9,881.3710820198908
118,Strategy_62_RSIAvgs,"{""ma_periods"": [5, 10, 20], ""overbought"": 78, ""oversold"": 42, ""rsi_period"": 14, ""signal_threshold"": 0.3492597269381682}",18.62,-23.612533670230228,13.533822154649734,-64.29134091952105,-67.50420613642515,-68.99963566018465,0.15032480119530628,0.1748394937688706,11,763.8746632976977
208,Strategy_62_RSIAvgs,"{""ma_periods"": [5, 10, 20], ""overbought"": 70, ""oversold"": 30, ""rsi_period"": 35, ""signal_threshold"": 0.7678384617562996}",18.48,-25.052502305105296,13.533822154649734,-64.29134091952105,-57.108934008691556,-71.46158973866513,-0.589175017645493,-0.3864843265837952,3,749.4749769489471
338,Strategy_62_RSIAvgs,"{""ma_periods"": [5, 10, 20], ""overbought"": 70, ""oversold"": 58, ""rsi_period"": 26, ""signal_threshold"": 0.3234173518550769}",15.98,-28.41433336977267,13.533822154649734,-64.29134091952105,-60.69344416985947,-76.62415910386615,-0.0672250369065218,-0.07629816431433528,18,715.8566663022733
388,Strategy_62_RSIAvgs,"{""ma_periods"": [5, 10, 20], ""overbought"": 67, ""oversold"": 40, ""rsi_period"": 46, ""signal_threshold"": 0.04625084373511179}",14.3,-34.00432781004008,13.533822154649734,-64.29134091952105,-64.8086228671708,-83.58531092859526,-0.4314510382753363,-0.4406571801557883,10,659.9567218995992
223,Strategy_62_RSIAvgs,"{""ma_periods"": [5, 10, 20], ""overbought"": 63, ""oversold"": 37, ""rsi_period"": 35, ""signal_threshold"": 0.3944129135811931}",14.06,-34.80646444289569,13.533822154649734,-64.29134091952105,-48.354076984410646,-84.43532111045442,-1.292688296536379,-0.9726524684039621,22,651.9353555710431
101,CompositeMomentumIndexStrategy,"{""roc_period"": 16, ""rsi_period"": 5, ""signal_threshold"": 0.030767712435496156, ""tsi_long"": 40, ""tsi_short"": 9}",13.19,-37.71194595490112,13.533822154649734,-64.29134091952105,-58.9589953494689,-87.23418615633855,-0.9056437877590738,-0.8002787916447993,13,622.8805404509889
148,Strategy_62_RSIAvgs,"{""ma_periods"": [5, 10, 20], ""overbought"": 59, ""oversold"": 30, ""rsi_period"": 22, ""signal_threshold"": 0.002062462532053}",12.93,-38.556780198088525,13.533822154649734,-64.29134091952105,-40.81116873551939,-87.9701357852147,-2.5679986066784757,-1.1848864486975943,18,614.4321980191147
133,Strategy_62_RSIAvgs,"{""ma_periods"": [5, 10, 20], ""overbought"": 74, ""oversold"": 40, ""rsi_period"": 14, ""signal_threshold"": 0.009568944930643641}",11.18,-44.39527788275552,13.533822154649734,-64.29134091952105,-70.90979965922146,-92.20678698306858,-0.7834404261763398,-0.8513304418513089,20,556.0472211724448
298,Strategy_62_RSIAvgs,"{""ma_periods"": [5, 10, 20], ""overbought"": 66, ""oversold"": 48, ""rsi_period"": 42, ""signal_threshold"": 0.9367382871522734}",11.07,-44.76055562665383,13.533822154649734,-64.29134091952105,-65.65491933359655,-92.42695350877412,-0.8341015964018358,-0.9048720858193579,17,552.3944437334617
343,Strategy_62_RSIAvgs,"{""ma_periods"": [5, 10, 20], ""overbought"": 45, ""oversold"": 56, ""rsi_period"": 33, ""signal_threshold"": 0.5120587024058683}",10.49,-41.03520659588956,13.533822154649734,-64.29134091952105,-71.94344420885695,-89.942007696776,-1.2390578638125127,-1.074841856968949,97,589.6479340411043
132,CSMARevertStrategy,"{""entry_drop"": 0.011798671591590204, ""exit_up"": 0.08138814433912145, ""n_sma"": 576, ""rsi_max"": 22.901628717139886, ""rsi_period"": 14, ""timeframe_minutes"": 5}",10.39,-47.04929490868874,13.533822154649734,-64.29134091952105,-64.15958160679685,-93.69967538927753,-1.2685551214196893,-1.1444372292009473,13,529.5070509131126
153,Strategy_62_RSIAvgs,"{""ma_periods"": [5, 10, 20], ""overbought"": 69, ""oversold"": 30, ""rsi_period"": 14, ""signal_threshold"": 0.616767919029634}",9.5,-51.94450493632085,13.533822154649734,-64.29134091952105,-60.601746026263626,-95.86778815493591,-2.3968658901745035,-1.8133032837043173,23,480.55495063679155
188,Strategy_62_RSIAvgs,"{""ma_periods"": [5, 10, 20], ""overbought"": 70, ""oversold"": 33, ""rsi_period"": 14, ""signal_threshold"": 0.2733600329359167}",9.5,-59.62875193948971,13.533822154649734,-64.29134091952105,-70.19042942077789,-98.06287797891628,-2.535115401105916,-2.294844192890671,29,403.71248060510294
178,Strategy_62_RSIAvgs,"{""ma_periods"": [5, 10, 20], ""overbought"": 75, ""oversold"": 45, ""rsi_period"": 7, ""signal_threshold"": 0.8997800880652757}",8.0,-93.43490470188502,13.533822154649734,-64.29134091952105,-94.12398448055119,-99.99928017092763,-6.626629370090875,-7.163657472141599,57,65.65095298114983
88,Strategy_62_RSIAvgs,"{""ma_periods"": [5, 10, 20], ""overbought"": 70, ""oversold"": 30, ""rsi_period"": 5, ""signal_threshold"": 0.5071235673657637}",8.0,-97.34668136995516,13.533822154649734,-64.29134091952105,-97.34668136995516,-99.99998598939413,-11.844748307959076,-8.96140047185386,88,26.53318630044831
348,Strategy_62_RSIAvgs,"{""ma_periods"": [5, 10, 20], ""overbought"": 43, ""oversold"": 30, ""rsi_period"": 17, ""signal_threshold"": 0.01727266999781496}",8.0,-58.15560300807554,13.533822154649734,-64.29134091952105,-58.15560300807554,-97.73621086916476,-6.0337251018923075,-2.1030862381444715,31,418.44396991924464
238,Strategy_62_RSIAvgs,"{""ma_periods"": [5, 10, 20], ""overbought"": 64, ""oversold"": 30, ""rsi_period"": 6, ""signal_threshold"": 0.21295656219964643}",8.0,-97.56927180504387,13.533822154649734,-64.29134091952105,-97.56927180504387,-99.99999042810103,-13.646778097166148,-8.433067159430959,81,24.307281949561347
253,Strategy_62_RSIAvgs,"{""ma_periods"": [5, 10, 20], ""overbought"": 57, ""oversold"": 37, ""rsi_period"": 14, ""signal_threshold"": 0.01376353316362744}",8.0,-94.03412646104896,13.533822154649734,-64.29134091952105,-94.03512283629443,-99.99952522114089,-10.487451945252163,-6.70007398698705,72,59.658735389510475
383,Strategy_62_RSIAvgs,"{""ma_periods"": [5, 10, 20], ""overbought"": 63, ""oversold"": 35, ""rsi_period"": 14, ""signal_threshold"": 0.5042775523503288}",8.0,-78.21306284902757,13.533822154649734,-64.29134091952105,-79.65935159844105,-99.86744330761394,-5.540905844333784,-4.388259962592026,48,217.86937150972432
328,Strategy_62_RSIAvgs,"{""ma_periods"": [5, 10, 20], ""overbought"": 60, ""oversold"": 34, ""rsi_period"": 14, ""signal_threshold"": 0.843838963618327}",8.0,-73.06149439012415,13.533822154649734,-64.29134091952105,-73.06149439012415,-99.66642066689249,-5.360421702598482,-3.659420763580583,53,269.3850560987586
98,Strategy_62_RSIAvgs,"{""ma_periods"": [5, 10, 20], ""overbought"": 36, ""oversold"": 30, ""rsi_period"": 14, ""signal_threshold"": 0.636814345214305}",8.0,-54.88917387056852,13.533822154649734,-64.29134091952105,-60.508764144620166,-96.86112891084933,-4.244613495313524,-1.9227858104609645,41,451.1082612943148
283,Strategy_62_RSIAvgs,"{""ma_periods"": [5, 10, 20], ""overbought"": 56, ""oversold"": 60, ""rsi_period"": 45, ""signal_threshold"": 0.6}",7.85,-80.70803028779548,13.533822154649734,-64.29134091952105,-82.34200991232593,-99.9218847214767,-7.506556831865606,-3.5242656326008186,95,192.9196971220453
18,Strategy_62_RSIAvgs,"{""ma_periods"": [5, 10, 20], ""overbought"": 70, ""oversold"": 32, ""rsi_period"": 5, ""signal_threshold"": 0.026229192497069342}",7.82,-97.76348434423454,13.533822154649734,-64.29134091952105,-97.76348434423454,-99.9999933357553,-11.953099744782428,-9.475642927332958,96,22.36515655765455
158,Strategy_62_RSIAvgs,"{""ma_periods"": [5, 10, 20], ""overbought"": 70, ""oversold"": 55, ""rsi_period"": 5, ""signal_threshold"": 0.6843909765725967}",7.34,-100.0,13.533822154649734,-64.29134091952105,-100.0,-100.0,-11.615127943696104,-6.416346955053872,115,0.0
103,Strategy_62_RSIAvgs,"{""ma_periods"": [5, 10, 20], ""overbought"": 58, ""oversold"": 55, ""rsi_period"": 14, ""signal_threshold"": 0.6}",7.34,-100.0,13.533822154649734,-64.29134091952105,-100.0,-100.0,-12.711641491958058,-5.466636041458105,115,0.0
143,Strategy_62_RSIAvgs,"{""ma_periods"": [5, 10, 20], ""overbought"": 61, ""oversold"": 50, ""rsi_period"": 10, ""signal_threshold"": 0.7600709781074934}",7.27,-100.0,13.533822154649734,-64.29134091952105,-100.0,-100.0,-12.842055767554871,-6.718202782321543,118,0.0
123,Strategy_62_RSIAvgs,"{""ma_periods"": [5, 10, 20], ""overbought"": 59, ""oversold"": 51, ""rsi_period"": 14, ""signal_threshold"": 0.8372301728218613}",7.27,-99.98500784392505,13.533822154649734,-64.29134091952105,-99.98501027747818,-100.0,-14.421547510985414,-8.296407722007316,118,0.14992156074953455
318,Strategy_62_RSIAvgs,"{""ma_periods"": [5, 10, 20], ""overbought"": 39, ""oversold"": 44, ""rsi_period"": 10, ""signal_threshold"": 0.5105612728797343}",6.58,-99.99832514449051,13.533822154649734,-64.29134091952105,-99.99832514449051,-100.0,-13.723208176225425,-4.935837264910998,145,0.01674855509492945
